0 0.045898435937499996 0.533203125 0.0302734359375 0.5537109375 0.0009765640625 0.55078125 0 0.7397460953125 0.018554685937500003 0.73828125 0.041992185937499996 0.78515625 0.0537109359375 0.78515625 0.0625 0.7778320296875 0.046875 0.7338867203125 0.0537109359375 0.720703125 0.068359375 0.7573242203125 0.064453125 0.7954101546875 0.078125 0.8129882796875 0.083984375 0.8071289046875 0.0859375 0.7690429703125 0.078125 0.6166992203125 0.045898435937499996 0.533203125
0 0.240234375 0.5229492203125 0.216796875 0.4936523453125 0.216796875 0.4819335953125 0.2294921859375 0.46875 0.25390625 0.4643554703125 0.24609375 0.4233398453125 0.1728515640625 0.427734375 0.11816406406249999 0.416015625 0.07128906406249999 0.3193359375 0.0703125 0.3471679703125 0.1015625 0.4204101546875 0.09765625 0.4643554703125 0.08984375 0.4790039046875 0.095703125 0.5258789046875 0.103515625 0.5258789046875 0.099609375 0.4965820296875 0.11621093593750001 0.4921875 0.115234375 0.5053710953125 0.1318359359375 0.5302734375 0.142578125 0.5288085953125 0.1318359359375 0.5009765625 0.1708984359375 0.5009765625 0.177734375 0.5375976546875 0.1875 0.5375976546875 0.1865234359375 0.498046875 0.2021484359375 0.5009765625 0.2275390640625 0.5244140625 0.240234375 0.5229492203125
0 0.09375 0.3090820296875 0.099609375 0.3383789046875 0.09375 0.3618164046875 0.107421875 0.3911132796875 0.1171875 0.3266601546875 0.109375 0.2944335953125 0.09863281406249999 0.2900390625 0.09375 0.3090820296875
0 0.07714843593750001 0.3603515625 0.021484375 0.3999023453125 0.034179685937499996 0.439453125 0.049804685937499996 0.421875 0.05078125 0.4379882796875 0.0595703140625 0.4423828125 0.07324218593750001 0.421875 0.068359375 0.4409179703125 0.076171875 0.4409179703125 0.0859375 0.4350585953125 0.091796875 0.4086914046875 0.08984375 0.3852539046875 0.07714843593750001 0.3603515625
0 0.0078125 0.3911132796875 0.008789064062500001 0.3720703125 0.01171875 0.3911132796875 0.017578125 0.3911132796875 0.01953125 0.3266601546875 0.0009765640625 0.328125 0 0.3881835953125 0.0078125 0.3911132796875
0 0.1787109359375 0.333984375 0.1826171859375 0.345703125 0.1865234359375 0.333984375 0.1904296859375 0.345703125 0.1962890640625 0.333984375 0.203125 0.3471679703125 0.203125 0.3061523453125 0.1806640640625 0.3017578125 0.16796875 0.3383789046875 0.1787109359375 0.333984375
0 0.2119140640625 0.3251953125 0.228515625 0.3237304703125 0.224609375 0.2827148453125 0.2177734359375 0.275390625 0.208984375 0.3178710953125 0.2119140640625 0.3251953125
0 0.30078125 0.3471679703125 0.298828125 0.2709960953125 0.2939453140625 0.26953125 0.2890625 0.3383789046875 0.275390625 0.3706054703125 0.275390625 0.4291992203125 0.283203125 0.4350585953125 0.2880859359375 0.404296875 0.294921875 0.4409179703125 0.30078125 0.4409179703125 0.302734375 0.3911132796875 0.3125 0.3793945296875 0.3125 0.3530273453125 0.30078125 0.3471679703125
0 0.34375 0.3208007796875 0.341796875 0.2973632796875 0.3291015640625 0.2783203125 0.330078125 0.3208007796875 0.34375 0.3208007796875
0 1 0.5815429703125 0.9833984359375 0.5830078125 0.9697265640625 0.6005859375 0.9365234359375 0.5859375 0.93359375 0.5991210953125 0.943359375 0.6342773453125 0.935546875 0.6577148453125 0.939453125 0.7719726546875 0.94921875 0.8393554703125 0.955078125 0.9975585953125 1 0.9975585953125 1 0.5815429703125
0 0.8583984359375 0.580078125 0.8505859359375 0.5537109375 0.845703125 0.5727539046875 0.830078125 0.5874023453125 0.826171875 0.6137695296875 0.83984375 0.6225585953125 0.8427734359375 0.6474609375 0.8740234359375 0.6328125 0.8916015640625 0.650390625 0.935546875 0.6547851546875 0.9384765640625 0.6328125 0.9111328140625 0.6181640625 0.8994140640625 0.59765625 0.8583984359375 0.580078125
0 0.708984375 0.7485351546875 0.6904296859375 0.7412109375 0.677734375 0.7221679703125 0.6962890640625 0.6943359375 0.7333984359375 0.66796875 0.744140625 0.6694335953125 0.763671875 0.7456054703125 0.796875 0.7661132796875 0.783203125 0.6635742203125 0.810546875 0.6108398453125 0.810546875 0.5844726546875 0.84375 0.5727539046875 0.8447265640625 0.4833984375 0.7978515640625 0.4892578125 0.7548828140625 0.52734375 0.7080078140625 0.5244140625 0.6748046859375 0.5390625 0.6220703140625 0.5859375 0.5947265640625 0.5859375 0.5654296859375 0.57421875 0.5205078140625 0.5390625 0.505859375 0.5434570296875 0.5419921859375 0.5888671875 0.6083984359375 0.6240234375 0.62109375 0.6665039046875 0.6484375 0.6928710953125 0.6484375 0.7280273453125 0.662109375 0.7661132796875 0.6748046859375 0.7880859375 0.689453125 0.7924804703125 0.697265625 0.7807617203125 0.677734375 0.7573242203125 0.6982421859375 0.7646484375 0.708984375 0.7485351546875
0 0.568359375 0.6958007796875 0.5712890640625 0.708984375 0.6025390640625 0.7001953125 0.611328125 0.6899414046875 0.6171875 0.6459960953125 0.5947265640625 0.6123046875 0.5458984359375 0.591796875 0.4951171859375 0.6298828125 0.4814453140625 0.6181640625 0.470703125 0.6284179703125 0.466796875 0.6782226546875 0.4833984359375 0.7265625 0.505859375 0.7280273453125 0.5322265640625 0.71484375 0.5595703140625 0.685546875 0.578125 0.6870117203125 0.568359375 0.6958007796875
0 0.5107421859375 0.5361328125 0.5517578140625 0.5625 0.5869140640625 0.5595703125 0.6240234359375 0.5830078125 0.6767578140625 0.5390625 0.681640625 0.5258789046875 0.6259765640625 0.50390625 0.6005859359375 0.4775390625 0.5693359359375 0.4775390625 0.5068359359375 0.5244140625 0.498046875 0.5405273453125 0.49609375 0.5668945296875 0.4873046859375 0.5771484375 0.4453125 0.5698242203125 0.4697265640625 0.5947265625 0.48828125 0.5961914046875 0.5078125 0.5756835953125 0.51171875 0.5551757796875 0.505859375 0.5405273453125 0.5107421859375 0.5361328125
0 0.5537109359375 0.3955078125 0.5166015640625 0.3955078125 0.509765625 0.4116210953125 0.513671875 0.4790039046875 0.5205078140625 0.4833984375 0.5263671859375 0.4658203125 0.5341796859375 0.48046875 0.556640625 0.4819335953125 0.5966796859375 0.474609375 0.599609375 0.4614257796875 0.58984375 0.4350585953125 0.5537109359375 0.3955078125
0 0.51953125 0.4877929703125 0.4951171859375 0.4833984375 0.4716796859375 0.45703125 0.4111328140625 0.427734375 0.400390625 0.4086914046875 0.390625 0.3442382796875 0.3779296859375 0.33984375 0.390625 0.4233398453125 0.39453125 0.5170898453125 0.4052734359375 0.533203125 0.4423828140625 0.5185546875 0.4560546859375 0.544921875 0.46484375 0.5434570296875 0.4658203140625 0.5244140625 0.4970703140625 0.5361328125 0.5166015640625 0.5185546875 0.51953125 0.4877929703125
0 0.3916015640625 0.31640625 0.400390625 0.3852539046875 0.4140625 0.3881835953125 0.423828125 0.3793945296875 0.423828125 0.3500976546875 0.4111328140625 0.3251953125 0.3916015640625 0.31640625