0 0.4208984375 0.875 0.4404296875 0.875 0.4521484375 0.90625 0.46484375 0.90234375 0.458984375 0.8736979171874999 0.48046875 0.83984375 0.48828125 0.7981770828125 0.4853515625 0.765625 0.4677734375 0.7708333328125 0.4580078125 0.7604166671875 0.45703125 0.78515625 0.4501953125 0.796875 0.3876953125 0.8072916671874999 0.369140625 0.8294270828125001 0.365234375 0.8502604171874999 0.375 0.87890625 0.3935546875 0.9114583328125001 0.404296875 0.91015625 0.4052734375 0.9010416671874999 0.419921875 0.8997395828125001 0.41015625 0.8841145828125001 0.4208984375 0.875
0 0.1142578125 0.7135416671875 0.130859375 0.7096354171875 0.130859375 0.6861979171875 0.142578125 0.6731770828125 0.154296875 0.63671875 0.1455078125 0.625 0.1279296875 0.6328125 0.0869140625 0.6328125 0.08203125 0.6002604171875 0.087890625 0.58203125 0.0791015625 0.578125 0.06640625 0.5924479171875 0.068359375 0.66796875 0.0859375 0.7252604171875 0.09375 0.7278645828125 0.09375 0.69921875 0.1103515625 0.7109375 0.1103515625 0.6875 0.1142578125 0.7135416671875
0 0.19921875 0.51171875 0.2021484375 0.53125 0.216796875 0.5325520828125 0.2265625 0.52734375 0.224609375 0.4934895828125 0.2197265625 0.4895833328125 0.19921875 0.51171875
0 0.3056640625 0.5364583328125 0.2958984375 0.5572916671875 0.2841796875 0.5598958328125 0.26953125 0.58984375 0.2763671875 0.6145833328125 0.306640625 0.61328125 0.318359375 0.57421875 0.318359375 0.5455729171875 0.3115234375 0.5364583328125 0.3056640625 0.5364583328125
0 0.330078125 0.5299479171875 0.31640625 0.5143229171875 0.31640625 0.5013020828125 0.2998046875 0.4895833328125 0.291015625 0.50390625 0.29296875 0.5325520828125 0.2978515625 0.5416666671875 0.3134765625 0.5390625 0.318359375 0.5611979171875 0.32421875 0.5611979171875 0.3662109375 0.5572916671875 0.37109375 0.5481770828125 0.3349609375 0.5494791671875 0.330078125 0.5299479171875
0 0.3544921875 0.5989583328125 0.3515625 0.5794270828125 0.3388671875 0.5703125 0.328125 0.6002604171875 0.3359375 0.65234375 0.3388671875 0.65625 0.3447265625 0.6458333328125 0.3564453125 0.6588541671875 0.3828125 0.66015625 0.39453125 0.65234375 0.380859375 0.6419270828125 0.373046875 0.6158854171875 0.3544921875 0.5989583328125
0 0.4560546875 0.5598958328125 0.4287109375 0.5833333328125 0.41015625 0.6184895828125 0.4130859375 0.6432291671875 0.439453125 0.6419270828125 0.45703125 0.6315104171875 0.462890625 0.6028645828125 0.46484375 0.5794270828125 0.4560546875 0.5598958328125
0 0.5107421875 0.6067708328125 0.484375 0.6002604171875 0.4990234375 0.6171875 0.537109375 0.6158854171875 0.552734375 0.5950520828125 0.5400390625 0.5625 0.517578125 0.58203125 0.5107421875 0.6067708328125
0 0.6923828125 0.6197916671875 0.6748046875 0.6223958328125 0.6591796875 0.59375 0.6455078125 0.5859375 0.6298828125 0.5885416671875 0.6201171875 0.5755208328125 0.611328125 0.5794270828125 0.6201171875 0.6276041671875 0.666015625 0.6315104171875 0.6943359375 0.6302083328125 0.703125 0.6028645828125 0.697265625 0.6002604171875 0.6923828125 0.6197916671875
0 0.5888671875 0.5703125 0.646484375 0.5794270828125 0.65234375 0.5690104171875 0.6298828125 0.5364583328125 0.5859375 0.55078125 0.5888671875 0.5703125
0 0.666015625 0.5143229171875 0.673828125 0.5403645828125 0.66796875 0.5559895828125 0.708984375 0.55859375 0.71484375 0.5481770828125 0.708984375 0.5299479171875 0.6689453125 0.4947916671875 0.666015625 0.5143229171875
0 0.7275390625 0.5338541671875 0.71484375 0.55078125 0.712890625 0.58203125 0.7197265625 0.5885416671875 0.7314453125 0.578125 0.7314453125 0.5859375 0.7421875 0.5872395828125 0.74609375 0.5559895828125 0.755859375 0.5481770828125 0.7451171875 0.5494791671875 0.7275390625 0.5338541671875
0 0.97265625 0.6731770828125 0.974609375 0.6497395828125 0.9638671875 0.6328125 0.9130859375 0.6302083328125 0.9072265625 0.609375 0.890625 0.6158854171875 0.88671875 0.6315104171875 0.9140625 0.6783854171875 0.9150390625 0.703125 0.921875 0.7018229171875 0.9267578125 0.6744791671875 0.94140625 0.6809895828125 0.9345703125 0.7005208328125 0.9521484375 0.6901041671875 0.951171875 0.69921875 0.95703125 0.7018229171875 0.9638671875 0.6822916671875 0.9794921875 0.6848958328125 0.986328125 0.6783854171875 0.97265625 0.6731770828125