0 0.6374269 0.8935546875 0.6374269 0.8623046875 0.6418128656250001 0.859375 0.676900584375 0.861328125 0.6973684203125 0.85546875 0.7236842109375 0.865234375 0.722222221875 0.8818359375 0.7046783624999999 0.8955078125 0.7061403515625 0.900390625 0.7266081875 0.90234375 0.73830409375 0.892578125 0.744152046875 0.900390625 0.76023391875 0.8955078125 0.777777778125 0.8564453125 0.777777778125 0.8447265625 0.76023391875 0.8251953125 0.7631578953125 0.7919921875 0.790935671875 0.787109375 0.8157894734375001 0.7646484375 0.8245614031249999 0.7197265625 0.8172514625 0.708984375 0.801169590625 0.7177734375 0.78362573125 0.7607421875 0.7646198828124999 0.771484375 0.7266081875 0.7578125 0.676900584375 0.755859375 0.6154970765625001 0.767578125 0.5365497078125 0.791015625 0.48684210468750005 0.787109375 0.4634502921875 0.7734375 0.4561403515625 0.7744140625 0.4561403515625 0.7958984375 0.44152046718750004 0.8095703125 0.438596490625 0.8349609375 0.45175438593750006 0.841796875 0.46929824531250003 0.837890625 0.4985380109375 0.83984375 0.5233918125 0.8681640625 0.5263157890625 0.9150390625 0.517543859375 0.9248046875 0.5 0.9326171875 0.5073099421875 0.939453125 0.5204678359375 0.9384765625 0.5380116953125 0.9306640625 0.5716374265625 0.869140625 0.5833333328125 0.869140625 0.5994152046875 0.8759765625 0.6330409359375 0.921875 0.6447368421874999 0.921875 0.652046784375 0.9169921875 0.6374269 0.8935546875
0 0.7236842109375 0.6875 0.7002923984375 0.681640625 0.698830409375 0.7080078125 0.7046783624999999 0.7236328125 0.71637426875 0.7353515625 0.7134502921875 0.7412109375 0.7485380109374999 0.7451171875 0.7923976609375 0.7392578125 0.7953216375000001 0.7255859375 0.8040935671874999 0.7158203125 0.801169590625 0.7021484375 0.7792397656250001 0.6875 0.755847953125 0.6796875 0.744152046875 0.6796875 0.7236842109375 0.6875
0 0.5497076015625 0.6904296875 0.55701754375 0.705078125 0.6111111109375 0.7080078125 0.619883040625 0.7001953125 0.618421053125 0.693359375 0.5497076015625 0.6904296875
0 0.5584795328125 0.6533203125 0.5526315796875 0.6728515625 0.5657894734375 0.67578125 0.6081871343749999 0.6748046875 0.6169590640625 0.6728515625 0.6111111109375 0.6220703125 0.5950292390625 0.625 0.586257309375 0.615234375 0.5847953218749999 0.6220703125 0.5701754390625 0.6298828125 0.5701754390625 0.6435546875 0.5584795328125 0.6533203125
0 0.4108187140625 0.5859375 0.393274853125 0.595703125 0.3669590640625 0.5859375 0.346491228125 0.587890625 0.3274853796875 0.5986328125 0.30701754375 0.6201171875 0.30409356718749997 0.6337890625 0.3099415203125 0.6533203125 0.323099415625 0.66015625 0.4005847953125 0.6591796875 0.43567251406249996 0.6533203125 0.43567251406249996 0.6455078125 0.42690058437499995 0.6376953125 0.43274853750000003 0.6259765625 0.4561403515625 0.6162109375 0.4561403515625 0.6044921875 0.43421052656250003 0.583984375 0.4108187140625 0.5859375
0 0.254385965625 0.5947265625 0.2353801171875 0.59765625 0.22660818749999997 0.587890625 0.1915204671875 0.609375 0.1564327484375 0.59765625 0.1330409359375 0.599609375 0.10233918125000001 0.6181640625 0.084795321875 0.6376953125 0.08771929843750001 0.6689453125 0.10087719375 0.6796875 0.1154970765625 0.68359375 0.1739766078125 0.681640625 0.1827485375 0.6875 0.19298245625 0.6865234375 0.2178362578125 0.68359375 0.220760234375 0.677734375 0.23099415156249997 0.6787109375 0.22807017499999999 0.6689453125 0.266081871875 0.6240234375 0.266081871875 0.6142578125 0.254385965625 0.6025390625 0.254385965625 0.5947265625
0 0.45760233906250003 0.49609375 0.4853801171875 0.4951171875 0.505847953125 0.4814453125 0.505847953125 0.4462890625 0.49561403437499996 0.439453125 0.46637426875 0.439453125 0.4546783625 0.43359375 0.44444444375 0.4716796875 0.4561403515625 0.4853515625 0.45760233906250003 0.49609375
0 0.51169590625 0.4833984375 0.5248538015624999 0.498046875 0.539473684375 0.494140625 0.5555555562500001 0.4970703125 0.56871345 0.48828125 0.6052631578125001 0.4912109375 0.6081871343749999 0.4599609375 0.5745614031249999 0.439453125 0.516081871875 0.431640625 0.505847953125 0.4521484375 0.505847953125 0.4736328125 0.51169590625 0.4833984375
0 0.6228070171875 0.4501953125 0.6169590640625 0.4384765625 0.619883040625 0.3935546875 0.5950292390625 0.3984375 0.5774853796875 0.39453125 0.5701754390625 0.4384765625 0.6140350875 0.4619140625 0.6228070171875 0.4501953125
0 0.630116959375 0.419921875 0.6169590640625 0.4287109375 0.6169590640625 0.4365234375 0.62573099375 0.4443359375 0.6140350875 0.4638671875 0.619883040625 0.4951171875 0.71637426875 0.4951171875 0.722222221875 0.4912109375 0.722222221875 0.4677734375 0.7134502921875 0.4541015625 0.6725146203125 0.4287109375 0.6725146203125 0.4208984375 0.6622807015625 0.412109375 0.6447368421874999 0.419921875 0.630116959375 0.419921875
0 0.71637426875 0.4560546875 0.722222221875 0.4658203125 0.722222221875 0.4931640625 0.7266081875 0.49609375 0.745614034375 0.4951171875 0.7573099421875 0.4873046875 0.76023391875 0.4794921875 0.777777778125 0.4736328125 0.7821637421875 0.453125 0.767543859375 0.455078125 0.755847953125 0.44921875 0.7353801171875001 0.458984375 0.71637426875 0.4560546875