0 0.896484375 0.7560822140625 0.8759765625 0.725251678125 0.8583984375 0.7135067109375 0.8388671875 0.7193791953125 0.8076171875 0.6958892624999999 0.798828125 0.65625 0.7861328125 0.6430369125000001 0.7412109375 0.6459731546875 0.7080078125 0.6635906046875 0.615234375 0.6445050328125 0.623046875 0.6797399328125 0.619140625 0.73259228125 0.6318359375 0.76342281875 0.6591796875 0.77223154375 0.6884765625 0.751677853125 0.6982421875 0.801593959375 0.7646484375 0.8397650999999999 0.8115234375 0.9102349000000001 0.8525390625 0.9337248328125 0.8779296875 0.9337248328125 0.8935546875 0.9161073828124999 0.9501953125 0.9895134234375 0.99609375 0.9968540265625 1 0.9733640937500001 0.9619140625 0.9395973156249999 0.91796875 0.8735318796874999 0.896484375 0.7560822140625
0 0.5078125 0.7707634234375 0.51953125 0.7355285234375 0.51953125 0.703229865625 0.4580078125 0.631291946875 0.451171875 0.6797399328125 0.373046875 0.8294882546875 0.37109375 0.8676593953125 0.3828125 0.917575503125 0.375 0.9939177859375 0.4921875 0.9968540265625 0.486328125 0.917575503125 0.501953125 0.850041946875 0.494140625 0.7825083890625 0.5078125 0.7707634234375
0 0.36328125 0.908766778125 0.357421875 0.8794043625000001 0.33203125 0.850041946875 0.3232421875 0.819211409375 0.2919921875 0.875 0.2060546875 0.948406040625 0.19140625 0.9939177859375 0.3125 0.9968540265625 0.32421875 0.98217281875 0.322265625 0.9586828859375001 0.3505859375 0.9366610734374999 0.36328125 0.908766778125
0 0.26171875 0.8705956374999999 0.25 0.8617869125000001 0.2578125 0.8294882546875 0.2861328125 0.7957214765625 0.3232421875 0.783976509375 0.341796875 0.720847315625 0.392578125 0.6621224828125001 0.39453125 0.63863255 0.3818359375 0.6136744968750001 0.3232421875 0.5813758390625 0.328125 0.6151426171875001 0.3212890625 0.6342281875 0.2275390625 0.6694630874999999 0.15234375 0.76782718125 0.130859375 0.8206795296875 0.12890625 0.9205117453125 0.115234375 0.9880453015624999 0.1162109375 0.9983221468749999 0.14453125 0.9968540265625 0.1611328125 0.9219798656249999 0.2197265625 0.913171140625 0.263671875 0.8882130874999999 0.26171875 0.8705956374999999
0 0.10546875 0.8911493281249999 0.119140625 0.8177432890624999 0.1005859375 0.76342281875 0.0869140625 0.751677853125 0.0791015625 0.7663590609375001 0 0.76782718125 0.001953125 0.961619128125 0.0400390625 0.9454697984375 0.0517578125 0.913171140625 0.0947265625 0.9043624156250001 0.10546875 0.8911493281249999
0 0.2421875 0.515310403125 0.23828125 0.488884228125 0.2001953125 0.45218120781250004 0.1865234375 0.41988254999999997 0.1572265625 0.475671140625 0.1337890625 0.475671140625 0.0927734375 0.42575503281250004 0.0341796875 0.428691275 0 0.4683305375 0.0029296875 0.6224832218749999 0.0556640625 0.6489093953125 0.1396484375 0.640100671875 0.16015625 0.6503775171874999 0.189453125 0.591652684375 0.19140625 0.5593540265625 0.2236328125 0.57550335625 0.2421875 0.515310403125
0 0 0.4184144296875 0.017578125 0.42135067187499997 0.087890625 0.3714345640625 0.0576171875 0.2848154359375 0.0400390625 0.32592281875 0 0.309773490625 0 0.4184144296875
0 0.404296875 0.47126677812500006 0.40625 0.4389681203125 0.3916015625 0.3875838921875 0.3564453125 0.399328859375 0.3076171875 0.3699664421875 0.1962890625 0.2466442953125 0.1591796875 0.24077181250000002 0.1064453125 0.2642617453125 0.06640625 0.21875 0.0869140625 0.2760067109375 0.138671875 0.30096476562499996 0.1962890625 0.42281879218749996 0.2431640625 0.428691275 0.2626953125 0.46098993281249995 0.33984375 0.4947567109375 0.3447265625 0.46979865781249996 0.3701171875 0.484479865625 0.3955078125 0.484479865625 0.404296875 0.47126677812500006
0 0.4091796875 0.528523490625 0.3984375 0.6327600671875 0.4130859375 0.6518456375 0.443359375 0.6533137578125 0.458984375 0.6210150999999999 0.44921875 0.5740352343749999 0.453125 0.55348154375 0.4091796875 0.528523490625
0 0.71875 0.5564177859375 0.71875 0.49182047031250004 0.865234375 0.3273909390625 0.8251953125 0.3288590609375 0.736328125 0.41547818750000004 0.7470703125 0.42281879218749996 0.7353515625 0.416946309375 0.6943359375 0.4375 0.6201171875 0.416946309375 0.5771484375 0.45511745000000003 0.5283203125 0.45511745000000003 0.462890625 0.5505453015625 0.45703125 0.57990771875 0.4814453125 0.6283557046875 0.5380859375 0.6518456375 0.546875 0.665058725 0.54296875 0.703229865625 0.564453125 0.7061661078125 0.5810546875 0.640100671875 0.6611328125 0.6224832218749999 0.6943359375 0.6019295296875 0.71875 0.5564177859375
0 0.7919921875 0.305369128125 0.8974609375 0.2084731546875 0.9208984375 0.2172818796875 0.923828125 0.1952600671875 0.900390625 0.11304530156249999 0.8837890625 0.09102349062500001 0.8427734375 0.11157718125 0.7666015625 0.1908557046875 0.7314453125 0.2084731546875 0.6787109375 0.29949664375 0.625 0.35675335625 0.623046875 0.40373322187499994 0.6484375 0.41547818750000004 0.6962890625 0.37290268437499996 0.7607421875 0.3406040265625 0.7861328125 0.34354026875 0.7919921875 0.305369128125
0 0.6650390625 0.24077181250000002 0.677734375 0.24517617500000002 0.6865234375 0.2760067109375 0.71875 0.22168624218750002 0.755859375 0.12772650937500002 0.7509765625 0 0.724609375 0.0014681203125000001 0.7177734375 0.064597315625 0.6787109375 0.0675335578125 0.6142578125 0.12332214687500001 0.5546875 0.20406879218750001 0.537109375 0.2627936234375 0.5166015625 0.2936241609375 0.478515625 0.30683724843750004 0.478515625 0.33913590625 0.4853515625 0.35234899375 0.4931640625 0.34354026875 0.501953125 0.386115771875 0.525390625 0.40373322187499994 0.560546875 0.3714345640625 0.5732421875 0.32592281875 0.6279296875 0.2936241609375 0.6650390625 0.24077181250000002
0 0.9267578125 0.029362415625 0.9248046875 0.020553690625000003 0.91015625 0.07781040312500001 0.919921875 0.08368288593749999 0.9697265625 0.0352349 0.986328125 0.0014681203125000001 0.9423828125 0 0.9267578125 0.029362415625
0 0.8232421875 0 0.810546875 0.013213087500000002 0.810546875 0.0278942953125 0.83203125 0.0484479859375 0.8359375 0.09836409375 0.86328125 0.1042365765625 0.912109375 0.030830537499999998 0.9150390625 0 0.8232421875 0
0 0.6748046875 0.0440436234375 0.685546875 0.0396392625 0.6865234375 0 0.576171875 0.0044043625 0.578125 0.07781040312500001 0.5625 0.09542785312499999 0.578125 0.145343959375 0.58984375 0.15121644218750002 0.640625 0.08955536875 0.642578125 0.0631291953125 0.6669921875 0.0234899328125 0.6748046875 0.0440436234375
0 0.458984375 0.0367030203125 0.474609375 0.10130033593750001 0.5087890625 0.158557046875 0.5361328125 0.1614932890625 0.556640625 0.198196309375 0.576171875 0.145343959375 0.541015625 0.0073406046875 0.4677734375 0 0.458984375 0.0367030203125
0 0.49609375 0.3802432890625 0.49609375 0.33913590625 0.4775390625 0.305369128125 0.478515625 0.3626258390625 0.49609375 0.3802432890625
0 0.466796875 0.08955536875 0.447265625 0.0073406046875 0.4169921875 0 0.42578125 0.08368288593749999 0.396484375 0.16002516718749998 0.41015625 0.2246224828125 0.408203125 0.27747483281249996 0.376953125 0.33032718125 0.3994140625 0.3699664421875 0.4296875 0.3802432890625 0.4541015625 0.31711409375 0.498046875 0.292156040625 0.501953125 0.1688338921875 0.466796875 0.08955536875
0 0.3740234375 0 0.3603515625 0.041107382812499996 0.3330078125 0.038171140625 0.3046875 0.060192953125000004 0.287109375 0.11010906093749999 0.275390625 0.192323825 0.291015625 0.2627936234375 0.306640625 0.2892197984375 0.302734375 0.3361996640625 0.3271484375 0.3376677859375 0.3349609375 0.36115771875 0.353515625 0.36556208125 0.375 0.342072146875 0.37109375 0.2304949671875 0.39453125 0.171770134375 0.396484375 0.11891778593749999 0.384765625 0.0748741609375 0.3935546875 0 0.3740234375 0
0 0.263671875 0.045511745312500004 0.2412109375 0.064597315625 0.2216796875 0.064597315625 0.2158203125 0.0058724828125000005 0.1259765625 0 0.123046875 0.09836409375 0.1435546875 0.12919463125 0.20703125 0.17764261718750002 0.2197265625 0.158557046875 0.2412109375 0.1614932890625 0.271484375 0.13653523437499998 0.263671875 0.045511745312500004
0 0.1201171875 0 0 0.0014681203125000001 0.0009765625 0.052852348437499995 0.0283203125 0.020553690625000003 0.0595703125 0.0440436234375 0.0751953125 0.08515100625000001 0.115234375 0.086619128125 0.115234375 0.0660654359375 0.10546875 0.0572567109375 0.1171875 0.0367030203125 0.1201171875 0