0 0.052734375 0.7997940156250001 0.068359375 0.8702345906250001 0.08593749843750001 0.8702345906250001 0.11132812343750001 0.8291442515625 0.08300781093750001 0.7513661203125 0.052734375 0.7997940156250001
0 0.3359374984375 0.9113249234374999 0.2978515640625 0.82767674375 0.2490234359375 0.8071315734375 0.2226562515625 0.8262092296875 0.2490234359375 0.93920765 0.2685546875 0.915727459375 0.3242187484375 0.9465452078125001 0.3359374984375 0.9113249234374999
0 0.2548828109375 0.6398352125 0.2460937484375 0.7000032015625 0.271484375 0.75576865625 0.3046874984375 0.7293534421875 0.3046874984375 0.694133153125 0.2548828109375 0.6398352125
0 0.396484375 0.6383677 0.3974609375 0.672120475 0.4257812515625 0.6765230109375 0.4394531234375 0.6735879890625001 0.4404296875 0.5840697593749999 0.396484375 0.6383677
0 0.447265625 0.7058732515624999 0.4414062515625 0.7381585140625 0.474609375 0.785118896875 0.5175781234375 0.7587036781250001 0.5146484359375 0.707340759375 0.447265625 0.7058732515624999
0 0.609375 0.9964406171875 0.6132812515625 0.95828530625 0.6386718765625 0.9348051140625 0.6083984359375 0.8746371249999999 0.4824218765625 0.8790396609375 0.4804687484375 0.9083899015625001 0.5234374984375 0.95828530625 0.5322265640625 0.99790813125 0.609375 0.9964406171875
0 0.6357421890625 0.99790813125 0.712890625 0.9964406171875 0.734375 0.8496894203125 0.7138671890625 0.8218066937499999 0.7011718765625 0.864364540625 0.6708984359375 0.877572146875 0.6455078109375 0.9333376015624999 0.6259765640625 0.8951822890625 0.6113281234375 0.9142599453125 0.6357421890625 0.99790813125
0 0.703125 0.8379493281249999 0.6738281234375 0.7616387046875001 0.6513671890625 0.7425610484375 0.6445312515625 0.8584944921875 0.6640625015625 0.8849097109375 0.6962890625 0.8717020984375001 0.703125 0.8379493281249999
0 0.8144531234375 0.7058732515624999 0.8291015640625 0.7631062187500001 0.9238281234375 0.7704437765625001 0.8994140625 0.6985356890625 0.8330078109375 0.6897306171875 0.8144531234375 0.7058732515624999
0 0.6796874984375 0.6148875078125 0.6855468765625 0.661847890625 0.7011718765625 0.667717940625 0.7363281234375 0.6471727703125 0.7138671890625 0.6046149234375 0.6796874984375 0.6148875078125
0 0.5576171890625 0.6222250703125 0.5195312515625 0.661847890625 0.525390625 0.7117432953125 0.5644531234375 0.682393059375 0.5693359375 0.6310301421875 0.5576171890625 0.6222250703125
0 0.4980468765625 0.5796672234375 0.4980468765625 0.6119524859375 0.509765625 0.6148875078125 0.5273437484375 0.6060824375 0.5224609375 0.56058956875 0.4980468765625 0.5796672234375
0 0.6513671890625 0.6398352125 0.6689453125 0.6222250703125 0.666015625 0.5855372671875 0.6025390625 0.5781997109375 0.6171874984375 0.641302721875 0.6279296875 0.6222250703125 0.6513671890625 0.6398352125