0 0 0.8059895828125001 0.009765625 0.8216145828125001 0.0078125 0.8372395828125001 0.0244140625 0.8333333328125001 0.0283203125 0.8411458328125001 0.033203125 0.83984375 0.0517578125 0.8255208328125001 0.0712890625 0.8255208328125001 0.091796875 0.80859375 0.091796875 0.7955729171875 0.0859375 0.78515625 0.083984375 0.7669270828125 0.0732421875 0.7473958328125 0.0458984375 0.7447916671875 0.0185546875 0.75 0.0146484375 0.7447916671875 0.0068359375 0.7447916671875 0 0.7513020828125 0 0.8059895828125001
0 0.13671875 0.7018229171875 0.13671875 0.6809895828125 0.146484375 0.6627604171875 0.146484375 0.65234375 0.1416015625 0.640625 0.1201171875 0.6354166671875 0.109375 0.66015625 0.109375 0.6888020828125 0.11328125 0.7591145828125 0.1162109375 0.765625 0.123046875 0.7669270828125 0.134765625 0.76171875 0.12890625 0.73828125 0.12890625 0.7200520828125 0.13671875 0.7018229171875
0 0.271484375 0.6419270828125 0.2666015625 0.6380208328125 0.2568359375 0.640625 0.2373046875 0.6276041671875 0.2236328125 0.6302083328125 0.21875 0.6184895828125 0.2197265625 0.6041666671875 0.1962890625 0.6041666671875 0.1845703125 0.609375 0.171875 0.62890625 0.16796875 0.6393229171875 0.16796875 0.6575520828125 0.1787109375 0.6666666671875 0.197265625 0.6653645828125 0.2314453125 0.6614583328125 0.2490234375 0.6510416671875 0.2666015625 0.6484375 0.271484375 0.6419270828125
0 0.2158203125 0.5572916671875 0.2021484375 0.5598958328125 0.1982421875 0.5677083328125 0.1650390625 0.5598958328125 0.1513671875 0.5677083328125 0.1357421875 0.5859375 0.1240234375 0.5833333328125 0.12109375 0.5872395828125 0.12109375 0.5924479171875 0.1259765625 0.5963541671875 0.1533203125 0.59375 0.1611328125 0.5989583328125 0.203125 0.59765625 0.212890625 0.5950520828125 0.212890625 0.5846354171875 0.21875 0.57421875 0.2158203125 0.5572916671875
0 0.1123046875 0.5026041671875 0.109375 0.5065104171875 0.109375 0.5299479171875 0.123046875 0.54296875 0.126953125 0.55859375 0.1328125 0.5638020828125 0.142578125 0.5611979171875 0.142578125 0.51953125 0.1298828125 0.5052083328125 0.1123046875 0.5026041671875
0 0.181640625 0.5065104171875 0.1845703125 0.5182291671875 0.201171875 0.5169270828125 0.203125 0.5091145828125 0.1982421875 0.5026041671875 0.1884765625 0.5 0.181640625 0.5065104171875
0 0.2568359375 0.5104166671875 0.279296875 0.5091145828125 0.2685546875 0.4817708328125 0.2548828125 0.4791666671875 0.251953125 0.4830729171875 0.2568359375 0.5104166671875
0 0.3095703125 0.4895833328125 0.302734375 0.49609375 0.298828125 0.5091145828125 0.3017578125 0.5182291671875 0.330078125 0.5169270828125 0.333984375 0.5065104171875 0.333984375 0.4908854171875 0.3271484375 0.4869791671875 0.3095703125 0.4895833328125
0 0.4228515625 0.5364583328125 0.4052734375 0.5130208328125 0.400390625 0.53515625 0.404296875 0.5403645828125 0.404296875 0.5533854171875 0.41015625 0.5716145828125 0.408203125 0.5872395828125 0.4111328125 0.5911458328125 0.44921875 0.58984375 0.44921875 0.5716145828125 0.443359375 0.5533854171875 0.4345703125 0.5416666671875 0.4228515625 0.5364583328125
0 0.3466796875 0.609375 0.33984375 0.6158854171875 0.333984375 0.6315104171875 0.333984375 0.65234375 0.34375 0.6940104171875 0.353515625 0.6966145828125 0.359375 0.6783854171875 0.36328125 0.63671875 0.359375 0.6158854171875 0.3466796875 0.609375
0 0.451171875 0.7591145828125 0.439453125 0.72265625 0.412109375 0.6861979171875 0.408203125 0.6549479171875 0.3994140625 0.6614583328125 0.3896484375 0.6588541671875 0.3837890625 0.6510416671875 0.380859375 0.6653645828125 0.38671875 0.69921875 0.384765625 0.71484375 0.39453125 0.7669270828125 0.380859375 0.7747395828125 0.380859375 0.7877604171875 0.3896484375 0.8072916671874999 0.4033203125 0.8151041671874999 0.419921875 0.81640625 0.4404296875 0.8125 0.447265625 0.8059895828125001 0.453125 0.7747395828125 0.451171875 0.7591145828125
0 0.625 0.6861979171875 0.615234375 0.6549479171875 0.6044921875 0.6458333328125 0.5986328125 0.6328125 0.5849609375 0.6302083328125 0.5751953125 0.6223958328125 0.58203125 0.6966145828125 0.5703125 0.7096354171875 0.580078125 0.7200520828125 0.5810546875 0.7265625 0.59375 0.73046875 0.5986328125 0.71875 0.6162109375 0.7161458328125 0.623046875 0.7096354171875 0.625 0.6861979171875
0 0.5419921875 0.5755208328125 0.5146484375 0.5520833328125 0.509765625 0.5638020828125 0.509765625 0.5768229171875 0.51953125 0.58203125 0.5234375 0.60546875 0.521484375 0.62890625 0.517578125 0.6341145828125 0.5205078125 0.6380208328125 0.5283203125 0.6354166671875 0.5361328125 0.6171875 0.5439453125 0.6380208328125 0.5703125 0.6393229171875 0.57421875 0.62890625 0.564453125 0.5950520828125 0.5537109375 0.5807291671875 0.5419921875 0.5755208328125
0 0.6298828125 0.5 0.6123046875 0.5052083328125 0.6044921875 0.4947916671875 0.59375 0.4986979171875 0.59375 0.5091145828125 0.6044921875 0.5416666671875 0.642578125 0.54296875 0.646484375 0.53515625 0.646484375 0.51953125 0.6376953125 0.5052083328125 0.6298828125 0.5
0 0.7001953125 0.3958333328125 0.6884765625 0.3932291671875 0.685546875 0.41015625 0.6953125 0.4205729171875 0.701171875 0.44921875 0.69921875 0.45703125 0.7060546875 0.4609375 0.724609375 0.4596354171875 0.728515625 0.44921875 0.728515625 0.43359375 0.72265625 0.4153645828125 0.7001953125 0.3958333328125
0 0.5009765625 0.484375 0.4921875 0.4856770828125 0.4921875 0.49609375 0.5009765625 0.5130208328125 0.525390625 0.51171875 0.52734375 0.4986979171875 0.5244140625 0.4947916671875 0.5146484375 0.4947916671875 0.5009765625 0.484375
0 0.4931640625 0.421875 0.484375 0.42578125 0.48828125 0.4466145828125 0.4931640625 0.453125 0.5146484375 0.4609375 0.525390625 0.4596354171875 0.52734375 0.4518229171875 0.5126953125 0.4296875 0.5029296875 0.4322916671875 0.4931640625 0.421875
0 0.88671875 0.4986979171875 0.8681640625 0.4869791671875 0.8427734375 0.4895833328125 0.8310546875 0.4973958328125 0.8154296875 0.484375 0.8017578125 0.4817708328125 0.794921875 0.50390625 0.796875 0.51171875 0.8046875 0.51953125 0.806640625 0.5299479171875 0.8359375 0.5299479171875 0.8623046875 0.5234375 0.8681640625 0.5026041671875 0.8818359375 0.5052083328125 0.88671875 0.4986979171875
0 0.859375 0.72265625 0.865234375 0.6575520828125 0.873046875 0.6471354171875 0.873046875 0.6341145828125 0.865234375 0.6184895828125 0.865234375 0.5559895828125 0.8583984375 0.5208333328125 0.8515625 0.5325520828125 0.849609375 0.58984375 0.8359375 0.6002604171875 0.826171875 0.62890625 0.83203125 0.70703125 0.830078125 0.7356770828125 0.837890625 0.73828125 0.841796875 0.7356770828125 0.8447265625 0.7239583328125 0.8544921875 0.7291666671875 0.859375 0.72265625
0 0.951171875 0.54296875 0.955078125 0.5247395828125 0.953125 0.5065104171875 0.947265625 0.4934895828125 0.9365234375 0.4791666671875 0.9228515625 0.4765625 0.8779296875 0.5078125 0.8681640625 0.5026041671875 0.8671875 0.5169270828125 0.861328125 0.52734375 0.86328125 0.54296875 0.8740234375 0.546875 0.8779296875 0.5546875 0.888671875 0.5533854171875 0.8935546875 0.546875 0.9150390625 0.5520833328125 0.9443359375 0.5520833328125 0.951171875 0.54296875