0 0.3310546875 0.7504934203125 0.341796875 0.7973992609375 0.33984375 0.8251953125 0.3193359375 0.8443051 0.3193359375 0.8582031265625 0.3466796875 0.8477796046874999 0.36328125 0.8182463 0.3662109375 0.77481496875 0.388671875 0.8078227796874999 0.376953125 0.8460423531249999 0.3955078125 0.8477796046874999 0.40625 0.800873765625 0.40625 0.7765522203125 0.39453125 0.7418071546875 0.3974609375 0.72964638125 0.4208984375 0.7678659531250001 0.45703125 0.7696032078124999 0.4501953125 0.7574424343749999 0.4248046875 0.747018915625 0.4140625 0.7279091296875 0.400390625 0.668842515625 0.3681640625 0.6288856890625001 0.3271484375 0.6184621703125 0.2646484375 0.625411184375 0.2255859375 0.5837171046875 0.2119140625 0.5802425999999999 0.197265625 0.6479954765625 0.2021484375 0.66015625 0.2177734375 0.66015625 0.224609375 0.6723170234375 0.234375 0.720960115625 0.25 0.7487561687500001 0.25390625 0.8321443265624999 0.244140625 0.8599403796875 0.2578125 0.8634148843749999 0.263671875 0.8564658703125 0.2744140625 0.7921875 0.283203125 0.8286698187500001 0.279296875 0.8599403796875 0.296875 0.8564658703125 0.294921875 0.7661287 0.3076171875 0.7435444078125 0.3310546875 0.7504934203125
0 0.2216796875 0.6671052625 0.2041015625 0.6636307578125 0.197265625 0.651469984375 0.2119140625 0.5767680921875 0.2216796875 0.573293584375 0.2685546875 0.625411184375 0.2763671875 0.625411184375 0.2861328125 0.6010896375 0.3427734375 0.59761513125 0.3740234375 0.6219366796875 0.3876953125 0.6219366796875 0.388671875 0.6132504109375 0.3427734375 0.5698190796875 0.2060546875 0.5663445734375 0.1337890625 0.5941406265625 0.0966796875 0.5941406265625 0.078125 0.6132504109375 0.07421875 0.6479954765625 0.0791015625 0.66015625 0.0966796875 0.6532072375 0.11328125 0.6653680109375 0.11328125 0.69663856875 0.103515625 0.738332646875 0.08984375 0.7765522203125 0.07421875 0.7973992609375 0.08984375 0.800873765625 0.1552734375 0.6914268109374999 0.1669921875 0.694901315625 0.1875 0.738332646875 0.185546875 0.790450246875 0.19921875 0.7869757390625 0.193359375 0.7001130765625 0.2265625 0.6931640625 0.2216796875 0.6671052625
0 0.0107421875 0.1633018109375 0.0078125 0.26232524687500003 0.02734375 0.272748765625 0.029296875 0.192835115625 0.0166015625 0.1633018109375 0.0107421875 0.1633018109375
0 0.10546875 0.130293996875 0.0927734375 0.1250822375 0.091796875 0.1615645546875 0.1103515625 0.1980468734375 0.115234375 0.19630962031250002 0.1171875 0.1824115953125 0.10546875 0.130293996875
0 0.23046875 0.22758018125 0.236328125 0.22063116875 0.236328125 0.185886103125 0.23046875 0.1546155421875 0.2236328125 0.1528782890625 0.212890625 0.16851356875 0.21484375 0.2136821546875 0.2197265625 0.22931743437500002 0.23046875 0.22758018125
0 0.494140625 0.2796977796875 0.494140625 0.2519017265625 0.4873046875 0.2327919421875 0.4755859375 0.22931743437500002 0.4609375 0.2449527125 0.453125 0.2831722875 0.46484375 0.2866467921875 0.494140625 0.2796977796875
0 0.556640625 0.3665604453125 0.5361328125 0.3578741796875 0.5224609375 0.36829769687499997 0.515625 0.38393297656250003 0.521484375 0.4082545234375 0.515625 0.43952508124999995 0.55859375 0.44647409531250004 0.556640625 0.3665604453125
0 0.6943359375 0.6705797687499999 0.70703125 0.6584189968749999 0.70703125 0.606301396875 0.72265625 0.5854543578125 0.724609375 0.5576583046875 0.7021484375 0.5142269734375 0.6865234375 0.51075246875 0.6650390625 0.528125 0.62109375 0.529862253125 0.62109375 0.5680818265625 0.640625 0.5924033703125 0.650390625 0.62367393125 0.640625 0.6653680109375 0.64453125 0.6792660374999999 0.6533203125 0.6532072375 0.658203125 0.6549444890625 0.6591796875 0.677528784375 0.66796875 0.6723170234375 0.66796875 0.6271484375 0.6748046875 0.608038653125 0.69140625 0.6201994234375 0.6943359375 0.6705797687499999
0 0.6357421875 0.45863486875000004 0.6005859375 0.46558388125 0.5830078125 0.44821134687499997 0.5703125 0.449948603125 0.568359375 0.48469366875000003 0.58203125 0.4951171875 0.591796875 0.529862253125 0.591796875 0.5541838 0.58203125 0.5854543578125 0.58203125 0.6028268921875 0.58984375 0.6028268921875 0.6005859375 0.5802425999999999 0.6015625 0.599352384375 0.611328125 0.599352384375 0.609375 0.5576583046875 0.6220703125 0.5177014796875 0.654296875 0.5229132390625 0.646484375 0.474270146875 0.6357421875 0.45863486875000004
0 0.5634765625 0.4447368421875 0.544921875 0.4777446546875 0.52734375 0.5402857734375 0.533203125 0.5472347875 0.5693359375 0.45168585468750005 0.6005859375 0.46558388125 0.6318359375 0.45863486875000004 0.6494140625 0.5003289468750001 0.65234375 0.48121916093749995 0.646484375 0.4291015625 0.5869140625 0.43083881562500004 0.5634765625 0.4447368421875
0 0.5927734375 0.3752467109375 0.58203125 0.39783100312499997 0.5908203125 0.43083881562500004 0.6181640625 0.43431332031250003 0.6220703125 0.4204152953125 0.6455078125 0.42736431093749994 0.650390625 0.456897615625 0.65625 0.456897615625 0.6650390625 0.4377878296875 0.6806640625 0.4412623375 0.685546875 0.41520353749999994 0.6748046875 0.4099917765625 0.6572265625 0.42736431093749994 0.6337890625 0.39609375 0.6220703125 0.3995682578125 0.5927734375 0.3752467109375
0 0.7109375 0.387407484375 0.71484375 0.41867804218750004 0.7236328125 0.4377878296875 0.75 0.43605057656249996 0.7744140625 0.43431332031250003 0.7763671875 0.42388980312499996 0.7587890625 0.43083881562500004 0.751953125 0.41867804218750004 0.775390625 0.3908819890625 0.7509765625 0.3578741796875 0.7236328125 0.35439967031249997 0.7109375 0.387407484375
0 0.919921875 0.3769839625 0.916015625 0.3387643921875 0.8798828125 0.3127055921875 0.875 0.32834087031250003 0.88671875 0.3630859375 0.884765625 0.394356496875 0.9140625 0.39783100312499997 0.919921875 0.3769839625
0 0.970703125 0.668842515625 0.9775390625 0.6497327312500001 0.99609375 0.6306229453125 0.998046875 0.5785053453125 0.9443359375 0.5802425999999999 0.9091796875 0.5593955578124999 0.8681640625 0.5628700656250001 0.861328125 0.5472347875 0.861328125 0.5090152125 0.875 0.48121916093749995 0.875 0.467321134375 0.8603515625 0.42736431093749994 0.845703125 0.5124897203125001 0.8515625 0.581979853125 0.83984375 0.6618935031250001 0.830078125 0.6757915296875 0.828125 0.7348581421875 0.8349609375 0.7574424343749999 0.8427734375 0.7574424343749999 0.84765625 0.7452816609374999 0.845703125 0.6931640625 0.8583984375 0.687952303125 0.865234375 0.75570518125 0.8818359375 0.7609169421875001 0.875 0.7105365953125 0.892578125 0.668842515625 0.9033203125 0.66015625 0.91015625 0.6792660374999999 0.900390625 0.7452816609374999 0.90234375 0.7591796875 0.91015625 0.7626541953125 0.923828125 0.6931640625 0.9501953125 0.6705797687499999 0.958984375 0.6757915296875 0.958984375 0.7105365953125 0.970703125 0.7522306734375 0.98828125 0.75570518125 0.9765625 0.7279091296875 0.970703125 0.668842515625
0 0.9306640625 0.45863486875000004 0.9091796875 0.4725328953125 0.8857421875 0.46905838906249997 0.8798828125 0.45863486875000004 0.873046875 0.4638466296875 0.873046875 0.48469366875000003 0.86328125 0.4951171875 0.86328125 0.5472347875 0.8701171875 0.5593955578124999 0.9150390625 0.5593955578124999 0.9423828125 0.5767680921875 0.978515625 0.5750308390625001 0.994140625 0.5541838 0.9921875 0.5055407078124999 0.98828125 0.4881681734375 0.9697265625 0.4725328953125 0.9658203125 0.45863486875000004 0.9462890625 0.45863486875000004 0.9404296875 0.46905838906249997 0.9306640625 0.45863486875000004
0 0.9306640625 0.45168585468750005 0.9951171875 0.4551603625 0.99609375 0.3804584703125 0.9638671875 0.3752467109375 0.884765625 0.456897615625 0.8896484375 0.46905838906249997 0.904296875 0.467321134375 0.9306640625 0.45168585468750005