0 0 0.8350142999999999 0.033203123437499996 0.8350142999999999 0.0546874984375 0.7528336343750001 0.0517578109375 0.6956006671875 0.036132810937499996 0.7161458359374999 0.0087890625 0.701470715625 0 0.746963584375 0 0.8350142999999999
0 0.34375 0.283229809375 0.3037109375 0.270022196875 0.296875 0.330190190625 0.2519531234375 0.400630765625 0.2460937484375 0.518031721875 0.2568359375 0.55471951875 0.3134765640625 0.5899398031249999 0.3457031234375 0.6530428203125 0.3515625015625 0.6178225296875001 0.3300781234375 0.5356418640625 0.3300781234375 0.3507353546875 0.34375 0.283229809375
0 0.349609375 0.805664059375 0.3867187484375 0.8085990875 0.40625 0.7381585140625 0.3837890625 0.68386056875 0.3554687484375 0.726418415625 0.349609375 0.805664059375
0 0.5771484359375 0.478408896875 0.5283203125 0.478408896875 0.4716796875 0.5106941578125 0.4599609375 0.4519936828125 0.4072265640625 0.4431886125 0.4287109375 0.6369001859375001 0.4599609375 0.6046149234375 0.6171874984375 0.6060824375 0.603515625 0.8085990875 0.6386718765625 0.6970681796875 0.6367187484375 0.5796672234375 0.6113281234375 0.51509669375 0.5771484359375 0.478408896875
0 0.7451171890625 0.7161458359374999 0.7177734359375 0.707340759375 0.6992187484375 0.7322884640625 0.6953125015625 0.8262092296875 0.7480468765625 0.832079278125 0.7988281234375 0.8232742078124999 0.7851562515625 0.7352234859375 0.7607421890625 0.6985356890625 0.7451171890625 0.7161458359374999
0 0.9404296875 0.616355021875 0.8515625015625 0.7000032015625 0.9394531234375 0.7058732515624999 1 0.7000032015625 0.9873046875 0.58700478125 0.9462890625 0.58700478125 0.9404296875 0.616355021875
0 0.671875 0.6765230109375 0.708984375 0.68532808125 0.708984375 0.609017459375 0.6923828109375 0.6251600921875 0.6689453125 0.6134199953125 0.671875 0.6765230109375
0 0.6386718765625 0.714678321875 0.6328125015625 0.7645737265625 0.6699218765625 0.7645737265625 0.712890625 0.7117432953125 0.7080078109375 0.6926656390625 0.6708984359375 0.68386056875 0.6386718765625 0.714678321875
0 0.6376953125 0.713210809375 0.6289062515625 0.746963584375 0.6386718765625 0.74989860625 0.6376953125 0.713210809375
0 0.6699218765625 0.6794580328125 0.6435546875 0.6545103328125 0.646484375 0.7029382234375 0.6699218765625 0.6794580328125
0 0.6083984359375 0.6603803765625 0.587890625 0.682393059375 0.599609375 0.75576865625 0.6083984359375 0.6603803765625