0 0.0859375 0.8030257234375 0.076171875 0.7689269671875001 0.05078125 0.5302356687499999 0.038085935937499996 0.5148912296875 0.010742185937499999 0.5148912296875 0.0009765640625 0.48079247187499996 0 0.7041393312500001 0.009765625 0.7723368453125 0.0078125 0.8200751046875 0.021484375 0.82689485625 0.03125 0.813255353125 0.0234375 0.7314183375 0.0263671859375 0.7058442671875 0.038085935937499996 0.7024343921875 0.046875 0.71436895625 0.06933593593750001 0.8251899171874999 0.08105468593750001 0.8251899171874999 0.0859375 0.8030257234375
0 0.0126953140625 0.9274861874999999 0.001953125 0.9769293875 0.010742185937499999 0.9956837015625 0.107421875 0.9939787625 0.11328125 0.9871590109374999 0.09765625 0.9462405031250001 0.09863281406249999 0.866108425 0.087890625 0.8780429890624999 0.0615234359375 0.9513553171875 0.032226564062500004 0.9513553171875 0.020507814062499997 0.9274861874999999 0.0126953140625 0.9274861874999999
0 0.2978515640625 0.8081405390624999 0.2783203140625 0.852468921875 0.2578125 0.8405343593750001 0.26171875 0.809845475 0.25390625 0.8064356015625 0.244140625 0.8303047296875 0.24609375 0.8541738625 0.2607421859375 0.876338053125 0.279296875 0.8780429890624999 0.28125 0.932601 0.294921875 0.9701096359375001 0.2939453140625 0.9922738265625 0.376953125 0.9939787625 0.388671875 0.9871590109374999 0.384765625 0.9530602546875 0.375 0.9257812484375 0.373046875 0.8814528671874999 0.3505859359375 0.8217800421874999 0.3310546859375 0.7945010359375 0.3173828140625 0.7910911609375 0.2978515640625 0.8081405390624999
0 0.5498046859375 0.944535565625 0.51953125 0.9905688890625 0.7890625 0.9939787625 0.7470703140625 0.9581750687499999 0.6669921859375 0.9513553171875 0.6435546859375 0.937715815625 0.6142578140625 0.941125690625 0.5712890640625 0.9786343234375 0.5615234359375 0.9786343234375 0.556640625 0.9462405031250001 0.5498046859375 0.944535565625
0 0.7919921859375 0.6512862562499999 0.7568359359375 0.6546961328124999 0.732421875 0.6973195796875 0.72265625 0.7689269671875001 0.703125 0.796205971875 0.7236328140625 0.8047306624999999 0.7294921859375 0.7945010359375 0.7470703140625 0.7945010359375 0.7705078140625 0.8217800421874999 0.791015625 0.8678133640624999 0.80078125 0.915551625 0.814453125 0.9394207515625 0.814453125 0.9701096359375001 0.8212890640625 0.9820441984375 0.8447265640625 0.9922738265625 0.94921875 0.9905688890625 0.97265625 0.9462405031250001 0.9404296859375 0.9240763125000001 0.88671875 0.8303047296875 0.8515625 0.734828209375 0.814453125 0.6632208234375 0.8193359359375 0.6103677484375 0.8095703140625 0.613777625 0.7919921859375 0.6512862562499999
0 0.65625 0.690499828125 0.65625 0.6529911937499999 0.6435546859375 0.620597375 0.6181640640625 0.6103677484375 0.5947265640625 0.6342368781250001 0.5703125 0.6973195796875 0.52734375 0.7621072156250001 0.498046875 0.8541738625 0.4794921859375 0.879747928125 0.458984375 0.8780429890624999 0.474609375 0.9564701328125 0.4892578140625 0.98886395 0.498046875 0.9871590109374999 0.51171875 0.9701096359375001 0.5322265640625 0.913846684375 0.5634765640625 0.8967973062500001 0.5732421859375 0.910436809375 0.5849609359375 0.907026934375 0.595703125 0.8644034859374999 0.642578125 0.7859763484375 0.65625 0.690499828125
0 0.619140625 0.4893171609375 0.625 0.5234159171874999 0.615234375 0.533645546875 0.6171875 0.560924553125 0.607421875 0.567744303125 0.6123046859375 0.5796788671875001 0.5615234359375 0.5796788671875001 0.4921875 0.6632208234375 0.48046875 0.7450578390625 0.482421875 0.7791565968749999 0.458984375 0.823484978125 0.4609375 0.8678133640624999 0.482421875 0.8746331156249999 0.501953125 0.8439442328125001 0.529296875 0.7552874640625 0.5703125 0.6939097015625 0.5908203140625 0.6376467546875 0.62109375 0.6018430609375 0.6328125 0.550694921875 0.6279296859375 0.4910221 0.619140625 0.4893171609375
0 0.408203125 0.4790875359375 0.3984375 0.5131862921875 0.3984375 0.543875171875 0.4091796859375 0.569449240625 0.4208984359375 0.572859115625 0.421875 0.5370554203125 0.4365234359375 0.5285307328125 0.447265625 0.543875171875 0.451171875 0.577973928125 0.4404296859375 0.6069578734375 0.4140625 0.6291220656250001 0.380859375 0.7109590828125001 0.4052734359375 0.77063190625 0.419921875 0.7689269671875001 0.4443359359375 0.71266401875 0.4580078140625 0.7160738953125 0.462890625 0.7075492046875 0.4609375 0.6768603265625 0.478515625 0.622302315625 0.46875 0.543875171875 0.4365234359375 0.4705628453125 0.408203125 0.4790875359375
0 0.3486328140625 0.756992403125 0.380859375 0.7041393312500001 0.4169921859375 0.620597375 0.4453125 0.5984331828125 0.451171875 0.5813838062500001 0.447265625 0.543875171875 0.4365234359375 0.5285307328125 0.4228515640625 0.5353504828125 0.416015625 0.550694921875 0.421875 0.5745640546875 0.4150390640625 0.5762689921875 0.3896484359375 0.542170234375 0.3583984359375 0.52171098125 0.3095703140625 0.52171098125 0.25 0.622302315625 0.2333984359375 0.6751553875 0.212890625 0.6768603265625 0.22265625 0.7041393312500001 0.224609375 0.7484677125 0.2373046859375 0.77404178125 0.248046875 0.7723368453125 0.2685546859375 0.7501726515625 0.2763671859375 0.7604022796875001 0.2880859359375 0.756992403125 0.3330078140625 0.6751553875 0.353515625 0.7109590828125001 0.3330078140625 0.7365331484375 0.328125 0.7552874640625 0.3486328140625 0.756992403125
0 0.3740234359375 0.4876122234375 0.3701171859375 0.494431975 0.35546875 0.47226778437499994 0.330078125 0.40066039218749994 0.3193359359375 0.388725828125 0.2939453140625 0.381906078125 0.2763671859375 0.3921357046875 0.24609375 0.4347591484375 0.232421875 0.47226778437499994 0.224609375 0.5097764140625001 0.232421875 0.5711541765625 0.2265625 0.6052529343749999 0.25390625 0.6086628125 0.283203125 0.560924553125 0.29296875 0.5234159171874999 0.3173828140625 0.494431975 0.3330078140625 0.5012517265625 0.3466796859375 0.4876122234375 0.3564453140625 0.508071478125 0.376953125 0.5029566625 0.3740234359375 0.4876122234375
0 0.166015625 0.4859072875 0.162109375 0.4279393984375 0.1474609359375 0.4125949578125 0.11816406406249999 0.4125949578125 0.09667968593750001 0.4262344609375 0.078125 0.4756776578125 0.078125 0.5097764140625001 0.0859375 0.533645546875 0.1318359359375 0.5830887437500001 0.158203125 0.5847936796875 0.173828125 0.567744303125 0.1416015640625 0.569449240625 0.134765625 0.560924553125 0.15234375 0.543875171875 0.1513671859375 0.5319406078125 0.140625 0.5302356687499999 0.142578125 0.4893171609375 0.166015625 0.4859072875
0 0.375 0.4893171609375 0.3701171859375 0.494431975 0.353515625 0.46885790624999996 0.3359375 0.4142998953125 0.3193359359375 0.388725828125 0.2939453140625 0.381906078125 0.2763671859375 0.3921357046875 0.24609375 0.4347591484375 0.232421875 0.47226778437499994 0.224609375 0.5097764140625001 0.232421875 0.5711541765625 0.2265625 0.6052529343749999 0.25390625 0.6086628125 0.283203125 0.560924553125 0.29296875 0.5234159171874999 0.3173828140625 0.494431975 0.3330078140625 0.5012517265625 0.3466796859375 0.4876122234375 0.3564453140625 0.508071478125 0.375 0.5063665421875 0.375 0.4893171609375
0 0.134765625 0.359741884375 0.1474609359375 0.4091850828125 0.1689453140625 0.41600483437499997 0.1796875 0.4347591484375 0.1845703140625 0.46374309374999995 0.1943359359375 0.46374309374999995 0.1953125 0.4415789 0.2080078140625 0.4364640890625 0.232421875 0.46544803281249997 0.244140625 0.4415789 0.251953125 0.393840640625 0.2236328140625 0.388725828125 0.1845703140625 0.3102986875 0.1572265640625 0.2864295578125 0.099609375 0.3051838734375 0.10449218593750001 0.323938190625 0.134765625 0.359741884375
0 0.19921875 0.2165271046875 0.193359375 0.2506258625 0.205078125 0.301774 0.201171875 0.32905300625 0.2060546859375 0.3341678171875 0.2119140640625 0.320528315625 0.216796875 0.35292213281249996 0.22265625 0.3563320109375 0.2431640640625 0.3478073203125 0.25390625 0.301774 0.2646484359375 0.30006906093749997 0.271484375 0.28472461875 0.2548828140625 0.2864295578125 0.248046875 0.2642653640625 0.2099609359375 0.20800241718749998 0.19921875 0.2165271046875
0 0.2421875 0.1380999671875 0.23828125 0.0733123265625 0.2255859359375 0.06819751406249999 0.22265625 0.0733123265625 0.232421875 0.08354195625000001 0.232421875 0.1346900890625 0.244140625 0.1687888453125 0.248046875 0.2165271046875 0.2421875 0.2438061109375 0.25 0.26767524374999996 0.251953125 0.2472159890625 0.2607421859375 0.23869129843749998 0.2880859359375 0.265970303125 0.27734375 0.2438061109375 0.2841796859375 0.22846167187500002 0.3095703140625 0.23869129843749998 0.314453125 0.271085115625 0.322265625 0.271085115625 0.3212890640625 0.24551105 0.3310546859375 0.26256042812499997 0.337890625 0.25744561250000003 0.337890625 0.21993698281250001 0.35546875 0.1960678515625 0.35546875 0.1721987234375 0.2529296859375 0.15344440625 0.2421875 0.1380999671875
0 0.3720703140625 0.259150553125 0.3408203140625 0.2523308015625 0.330078125 0.271085115625 0.326171875 0.3085937515625 0.3154296859375 0.3341678171875 0.2998046859375 0.34098756875 0.2861328140625 0.3307579421875 0.28515625 0.3426925078125 0.3095703140625 0.358036946875 0.3330078140625 0.3341678171875 0.3349609359375 0.3921357046875 0.345703125 0.3870208890625 0.341796875 0.359741884375 0.3525390640625 0.3478073203125 0.369140625 0.4040702703125 0.369140625 0.4279393984375 0.376953125 0.4313492765625 0.3798828140625 0.388725828125 0.3974609359375 0.40236533124999996 0.3994140640625 0.4228245859375 0.408203125 0.4177097734375 0.40625 0.3665616359375 0.416015625 0.349512259375 0.3984375 0.3426925078125 0.3720703140625 0.259150553125
0 0.5087890640625 0.2693801796875 0.46875 0.3085937515625 0.4609375 0.3563320109375 0.451171875 0.3665616359375 0.455078125 0.40748014374999997 0.46875 0.4177097734375 0.4853515640625 0.39895545625 0.5048828140625 0.40236533124999996 0.5107421859375 0.3784962015625 0.52734375 0.3733813875 0.533203125 0.32905300625 0.544921875 0.312003625 0.5380859359375 0.27960980625 0.5087890640625 0.2693801796875
0 0.6279296859375 0.2830196828125 0.6181640640625 0.265970303125 0.611328125 0.3222332546875 0.625 0.3870208890625 0.615234375 0.4313492765625 0.63671875 0.44839865156250003 0.6416015640625 0.4398739640625 0.6904296859375 0.4398739640625 0.69921875 0.3699715140625 0.6826171859375 0.31711843906250003 0.6708984359375 0.30347893593749997 0.6455078140625 0.3068888125 0.6435546859375 0.27619993125 0.6279296859375 0.2830196828125
0 0.73046875 0.209707353125 0.7080078140625 0.2727900546875 0.65234375 0.3051838734375 0.6767578140625 0.3102986875 0.6982421859375 0.351217196875 0.728515625 0.376791265625 0.720703125 0.33246287812499997 0.720703125 0.271085115625 0.740234375 0.2131172328125 0.740234375 0.1824283484375 0.7333984359375 0.170493784375 0.7265625 0.1721987234375 0.732421875 0.1892481 0.73046875 0.209707353125
0 0.7763671859375 0.30347893593749997 0.767578125 0.34610238125000004 0.759765625 0.349512259375 0.759765625 0.3870208890625 0.76953125 0.39043076718749997 0.775390625 0.376791265625 0.7763671859375 0.30347893593749997
0 0.7158203140625 0.4535134671875 0.6142578140625 0.4535134671875 0.5849609359375 0.4842023484375 0.56640625 0.4756776578125 0.560546875 0.5302356687499999 0.6142578140625 0.5353504828125 0.6171875 0.5575146734375 0.611328125 0.5711541765625 0.6220703140625 0.58649861875 0.630859375 0.5745640546875 0.6357421859375 0.542170234375 0.6630859359375 0.5523998625 0.6767578140625 0.5762689921875 0.7021484359375 0.569449240625 0.7177734359375 0.5489899859375 0.7412109359375 0.572859115625 0.7705078140625 0.5830887437500001 0.775390625 0.6291220656250001 0.78515625 0.6291220656250001 0.78515625 0.5575146734375 0.763671875 0.5268257953125 0.7724609359375 0.5183011046875 0.8017578140625 0.5285307328125 0.8095703140625 0.5148912296875 0.7841796859375 0.511481353125 0.7412109359375 0.46715297031249997 0.7158203140625 0.4535134671875
0 0.8984375 0.39725051875 0.888671875 0.3699715140625 0.8759765640625 0.35462707187500003 0.8349609359375 0.34098756875 0.8134765640625 0.30006906093749997 0.8056640640625 0.320528315625 0.796875 0.3222332546875 0.796875 0.3392826296875 0.7890625 0.349512259375 0.7919921859375 0.368266575 0.80859375 0.3802011375 0.8125 0.42452952499999996 0.80078125 0.4620381546875 0.787109375 0.4790875359375 0.8017578140625 0.4842023484375 0.8173828140625 0.44669371562500004 0.8271484359375 0.4432838390625 0.828125 0.45862828125000005 0.8125 0.499546790625 0.8232421859375 0.5046616015625001 0.8291015640625 0.4910221 0.8447265640625 0.4842023484375 0.833984375 0.5063665421875 0.849609375 0.5097764140625001 0.8759765640625 0.5012517265625 0.8896484359375 0.4842023484375 0.9501953140625 0.5012517265625 0.947265625 0.4927270390625 0.95703125 0.4756776578125 0.9169921859375 0.48079247187499996 0.8955078140625 0.4705628453125 0.8984375 0.39725051875
0 0.66796875 0.16196909375 0.6708984359375 0.1261654 0.65234375 0.1415098390625 0.6533203140625 0.16367403281249998 0.66796875 0.16196909375