0 0.10742187656249999 0.8900502078124999 0.10546875 0.863656625 0.11914062343750001 0.8460609031249999 0.11914062343750001 0.7991389812499999 0.0888671875 0.75075075 0.0615234375 0.7683464718749999 0 0.7668801625 0.00390625 0.960433090625 0.0361328125 0.95016891875 0.0537109375 0.912044859375 0.0986328125 0.903246996875 0.10742187656249999 0.8900502078124999
0 0.265625 0.8841849671875 0.25 0.8607240062500001 0.26171875 0.8225999421875001 0.2880859375 0.7947400546875001 0.3251953125 0.7830095734375 0.33984375 0.72582348125 0.3925781234375 0.6613058374999999 0.39453125 0.6407774953125001 0.3779296875 0.609984984375 0.3271484375 0.5777261625000001 0.3222656234375 0.5938555734375 0.328125 0.617316534375 0.3193359375 0.6363785640625 0.2744140625 0.659839525 0.2333984375 0.6657047687500001 0.16015625 0.75514968125 0.13671875 0.7962063640625 0.12890625 0.8401956640625 0.12890625 0.9193764078125 0.11523437656249999 0.99562453125 0.13671875 0.9985571500000001 0.1484375 0.9868266703125 0.1611328125 0.9208427171875 0.2236328125 0.912044859375 0.265625 0.8841849671875
0 0.36328125 0.910578546875 0.3574218765625 0.8812523453125 0.3359375 0.854858765625 0.3232421875 0.8182010156249999 0.3105468765625 0.8284651828125 0.3066406234375 0.8519261437500001 0.2880859375 0.8797860359375 0.2568359375 0.89738175625 0.2021484375 0.9531015375 0.19140625 0.992691909375 0.3105468765625 0.9985571500000001 0.3222656234375 0.9897592906250001 0.32421875 0.95750046875 0.3505859375 0.9384384390625 0.36328125 0.910578546875
0 0.5078125 0.76981278125 0.5214843765625 0.714093 0.4599609375 0.6305133265625 0.4511718765625 0.6789015578125001 0.3730468765625 0.8284651828125 0.37109375 0.8695218656250001 0.3828125 0.91351116875 0.375 0.99562453125 0.4902343765625 0.9985571500000001 0.4863281234375 0.90471330625 0.5019531234375 0.848993525 0.4941406234375 0.7815432609374999 0.5078125 0.76981278125
0 1 0.9721635703124999 0.9560546875 0.9325731984375001 0.9160156234375 0.8695218656250001 0.89453125 0.752217059375 0.8623046875 0.715559309375 0.8408203125 0.7214245499999999 0.8076171875 0.6950309671875 0.7958984375 0.6510416671875 0.7646484375 0.6422438078125 0.6923828125 0.662772146875 0.6611328125 0.659839525 0.6298828125 0.6393111859375 0.6152343765625 0.6437101171874999 0.6230468765625 0.6789015578125001 0.6191406234375 0.7316887203125 0.6337890625 0.7654138500000001 0.6728515625 0.7683464718749999 0.6884765625 0.75075075 0.7001953125 0.8035379125000001 0.7451171875 0.821133634375 0.7744140625 0.8504598343750001 0.8076171875 0.906179615625 0.8662109375 0.9355058203125 0.8955078125 0.9208427171875 0.9501953125 0.9882929796875001 1 0.99562453125 1 0.9721635703124999
0 0 0.417898365625 0.033203123437499996 0.42083098750000003 0.08789062343750001 0.37097644375 0.0576171875 0.28446414999999997 0.0419921875 0.325520834375 0 0.30939142343750003 0 0.417898365625
0 0 0.61145129375 0.0185546875 0.6334459453125 0.0517578125 0.6481090453125 0.09960937656249999 0.6525079765624999 0.1376953125 0.6393111859375 0.1611328125 0.6510416671875 0.1894531234375 0.5938555734375 0.1923828125 0.5542652015625 0.2138671875 0.5777261625000001 0.2265625 0.5703946125 0.2402343765625 0.523472690625 0.2402343765625 0.4941464890625 0.2041015625 0.4545561203125 0.1865234375 0.419364678125 0.1611328125 0.475084459375 0.1357421875 0.47801708125 0.0927734375 0.425229915625 0.0283203125 0.431095159375 0.0185546875 0.45748873906250004 0 0.46775290937499997 0 0.61145129375
0 0.40625 0.438426709375 0.3916015625 0.3841732375 0.3486328125 0.3959037171875 0.2939453125 0.3548470328125 0.1962890625 0.246340090625 0.1611328125 0.24047485000000002 0.1044921875 0.26393581093749996 0.0732421875 0.2140812671875 0.06640625 0.2184801984375 0.0888671875 0.2785989125 0.1386718765625 0.3005935609375 0.1962890625 0.42229729687499995 0.2138671875 0.41643205781250003 0.2451171875 0.431095159375 0.2607421875 0.4604213578125 0.3378906234375 0.4970791109375 0.3427734375 0.46921921875 0.3876953125 0.48681494062499997 0.40234375 0.47655076875 0.40625 0.438426709375
0 0.4072265625 0.5278716218749999 0.4003906234375 0.6378448765625 0.4394531234375 0.655440596875 0.4609375 0.623181775 0.44921875 0.561596753125 0.453125 0.5498662734375 0.4072265625 0.5278716218749999
0 0.6982421875 0.5982545046875 0.71875 0.5557315140625 0.71875 0.4941464890625 0.8408203125 0.3519144140625 0.875 0.32698714375 0.8388671875 0.3167229734375 0.7548828125 0.3988363359375 0.7001953125 0.43402777812500004 0.6220703125 0.41643205781250003 0.5732421875 0.45748873906250004 0.5458984375 0.4457582578125 0.5283203125 0.4545561203125 0.4609375 0.5557315140625 0.4550781234375 0.5791924749999999 0.4628906234375 0.58212509375 0.4775390625 0.624648084375 0.5380859375 0.6510416671875 0.546875 0.66423845625 0.5410156234375 0.6994298984375 0.5605468765625 0.7082277593749999 0.5703125 0.6964972796875 0.5830078125 0.6393111859375 0.6572265625 0.624648084375 0.6982421875 0.5982545046875
0 0.2753906234375 0.1246363546875 0.26171875 0.0747818140625 0.2636718765625 0.0454556125 0.2412109375 0.0645176421875 0.2236328125 0.0645176421875 0.2167968765625 0.0337251328125 0.2285156234375 0.016129410937499998 0.2216796875 0.0058652406249999995 0.1259765625 0 0.11914062343750001 0.051320853124999996 0.125 0.10410801562500001 0.1455078125 0.131967903125 0.20703125 0.1774235171875 0.2216796875 0.1583614859375 0.2373046875 0.16422672656249998 0.2714843765625 0.13929945625 0.2753906234375 0.1246363546875
0 0.3740234375 0 0.3603515625 0.04105668125 0.3291015625 0.038124059375000005 0.3076171875 0.055719784375000005 0.2832031234375 0.1275689765625 0.2753906234375 0.2067497171875 0.3066406234375 0.28886308125000004 0.3027343765625 0.335785003125 0.3310546875 0.337251315625 0.3339843765625 0.3592459640625 0.3496093765625 0.3680438265625 0.3769531234375 0.335785003125 0.3691406234375 0.2859304625 0.375 0.26833474218750003 0.37109375 0.22727805937499998 0.3828125 0.2155475796875 0.3964843765625 0.148097315625 0.3964843765625 0.1129058734375 0.3847656234375 0.0747818140625 0.3955078125 0 0.3740234375 0
0 0.4853515625 0.37830799375 0.49609375 0.37977430624999997 0.4941406234375 0.335785003125 0.4775390625 0.3196555921875 0.4785156234375 0.3621785859375 0.4853515625 0.37830799375
0 0.5019531234375 0.1686256578125 0.4667968765625 0.0894449125 0.4472656234375 0.007331550000000001 0.4169921875 0 0.42578125 0.0806470546875 0.3964843765625 0.1656930359375 0.41015625 0.22727805937499998 0.41015625 0.26833474218750003 0.3769531234375 0.32698714375 0.390625 0.338717625 0.4033203125 0.375375375 0.4296875 0.37977430624999997 0.4472656234375 0.3504481046875 0.4521484375 0.3167229734375 0.4980468765625 0.29179570312499997 0.5019531234375 0.1686256578125
0 0.6689453125 0.237542228125 0.6816406234375 0.24487378125 0.6796875 0.27419998125 0.6865234375 0.2785989125 0.7207031234375 0.2184801984375 0.7558593765625 0.1275689765625 0.7509765625 0 0.7246093765625 0.001466309375 0.7177734375 0.0645176421875 0.6826171875 0.0645176421875 0.5830078125 0.1583614859375 0.5546875 0.2038170984375 0.5205078125 0.29032939375 0.48046875 0.30939142343750003 0.49609375 0.338717625 0.5 0.37977430624999997 0.5107421875 0.3988363359375 0.52734375 0.40323526718749997 0.5566406234375 0.37977430624999997 0.5732421875 0.325520834375 0.6220703125 0.2991272515625 0.6689453125 0.237542228125
0 0.7910156234375 0.30939142343750003 0.8310546875 0.2668684328125 0.8720703125 0.24047485000000002 0.8974609375 0.20821602968750003 0.9189453125 0.2199465109375 0.9238281234375 0.1950192375 0.91015625 0.1305015953125 0.8779296875 0.09384384375 0.8408203125 0.1114395640625 0.7705078125 0.1876876875 0.7294921875 0.20821602968750003 0.6591796875 0.3167229734375 0.6455078125 0.3049924921875 0.6376953125 0.3108577328125 0.6298828125 0.29619463125 0.62109375 0.3944374046875 0.6318359375 0.4134994359375 0.65234375 0.4149657484375 0.6982421875 0.37244275625 0.7607421875 0.337251315625 0.7841796875 0.3548470328125 0.7910156234375 0.30939142343750003
0 0.4677734375 0 0.4589843765625 0.03665775 0.4765625 0.10410801562500001 0.5087890625 0.1583614859375 0.5361328125 0.1612941078125 0.5546875 0.20088447812500002 0.5800781234375 0.148097315625 0.5605468765625 0.098242775 0.5410156234375 0.007331550000000001 0.4677734375 0
0 0.6826171875 0.043989303125000004 0.6875 0.001466309375 0.5791015625 0 0.5800781234375 0.06891657343749999 0.5625 0.10117539375 0.59375 0.13929945625 0.6328125 0.10410801562500001 0.6425781234375 0.0630513328125 0.6650390625 0.0234609609375 0.6826171875 0.043989303125000004
0 0.9697265625 0.0351914421875 0.984375 0.001466309375 0.7871093765625 0.001466309375 0.7978515625 0.029326201562499998 0.8330078125 0.04105668125 0.8300781234375 0.0659839515625 0.84375 0.0777144328125 0.8359375 0.098242775 0.8574218765625 0.10410801562500001 0.8916015625 0.0615850203125 0.8994140625 0.09677646250000001 0.9228515625 0.0821133640625 0.9697265625 0.0351914421875
0 0 0.001466309375 0.0009765625 0.058652403124999995 0.0244140625 0.0234609609375 0.0341796875 0.0234609609375 0.0595703125 0.043989303125000004 0.0712890625 0.0791807453125 0.08203125 0.0777144328125 0.0966796875 0.0703828828125 0.11523437656249999 0.039590371875 0.1201171875 0 0 0.001466309375