0 0.2138671890625 0.7497095328125 0.2460937484375 0.7639773640625 0.2626953125 0.814563303125 0.2792968765625 0.815860375 0.3261718765625 0.7561949125 0.3398437484375 0.69134114375 0.2958984359375 0.5992488 0.2197265640625 0.6018429484375 0.125 0.6705879390625 0.1474609375 0.7445212359375 0.2021484359375 0.7211738765625 0.2138671890625 0.7497095328125
0 0.130859375 0.6161107796875 0.1435546875 0.6200020046875 0.1689453125 0.5888721953125 0.1894531234375 0.6212990765625 0.203125 0.6083283234375 0.2050781234375 0.5253155031250001 0.1767578109375 0.47991786718749996 0.1064453125 0.46694711718750004 0.06445312343750001 0.5097506 0.07324218906249999 0.614813703125 0.1396484359375 0.5914663484375 0.130859375 0.6161107796875
0 0.1259765640625 0.41506410312500003 0.0869140625 0.4072816515625 0.046875 0.45267928749999997 0.046875 0.49159154843749997 0.06445312343750001 0.504562296875 0.130859375 0.4578675890625 0.1259765640625 0.41506410312500003
0 0.0605468765625 0.3566957125 0.0654296875 0.412469953125 0.12304687656249999 0.4111728765625 0.1181640625 0.337239584375 0.08886718906249999 0.32426883125 0.0605468765625 0.3566957125
0 0 0.953350359375 0.0009765640625 0.9987479953125 0.1699218765625 0.9974509234375001 0.047851564062500004 0.9520532875000001 0.032226564062500004 0.918329328125 0 0.953350359375
0 0.3710937484375 0.6679937890625001 0.4404296875 0.6329727593750001 0.4648437484375 0.6446464359374999 0.46875 0.5668219125 0.4560546875 0.5395833328124999 0.3837890625 0.5421774828125 0.2929687484375 0.5927634203125 0.3330078109375 0.6563201125 0.3710937484375 0.6679937890625001
0 0.4228515640625 0.5292067281249999 0.4238281234375 0.49418569687499997 0.3486328109375 0.4565705125 0.2958984359375 0.4695412671875 0.259765625 0.5253155031250001 0.2617187484375 0.5823868203125 0.2890625015625 0.590169271875 0.4228515640625 0.5292067281249999
0 0.3349609375 0.4565705125 0.4482421890625 0.49029447187499997 0.46875 0.4604617390625 0.4541015640625 0.4098758 0.3857421890625 0.37096354374999996 0.2509765640625 0.4565705125 0.2695312515625 0.49159154843749997 0.3349609375 0.4565705125
0 0.3544921890625 0.34761618437499997 0.2802734359375 0.365775240625 0.2460937484375 0.44489683593749996 0.212890625 0.46824418906250004 0.2421874984375 0.48121494374999996 0.384765625 0.372260615625 0.3544921890625 0.34761618437499997
0 0.2607421890625 0.33464543125 0.2373046875 0.3294571328125 0.150390625 0.3800430671875 0.1962890625 0.4306290046875 0.244140625 0.42933193281250004 0.2851562515625 0.361884015625 0.2607421890625 0.33464543125
0 0.3876953125 0.3009214765625 0.3476562515625 0.33853665624999996 0.4667968765625 0.42414363125000004 0.4707031234375 0.3670723171875 0.4404296875 0.31648637968750004 0.3876953125 0.3009214765625
0 0.5585937484375 0.33853665624999996 0.5146484359375 0.26460336406249996 0.4521484359375 0.2671975171875 0.400390625 0.294436096875 0.4716796875 0.3605869390625 0.5205078109375 0.3502103390625 0.521484375 0.372260615625 0.5585937484375 0.33853665624999996
0 0.5332031234375 0.981886015625 0.5361328109375 0.9987479953125 0.728515625 0.9974509234375001 0.5888671890625 0.900170271875 0.5546874984375 0.922220553125 0.5332031234375 0.981886015625
0 0.5664062515625 0.9066556515625 0.5986328109375 0.8975761234374999 0.599609375 0.88071414375 0.5732421890625 0.8664463124999999 0.5664062515625 0.9066556515625
0 0.6494140625 0.9442708312500001 0.6757812515625 0.9481620609375 0.7294921890625 0.93389423125 0.7675781234375 0.8677433890625 0.7324218765625 0.7587890609375 0.7001953125 0.7211738765625 0.6611328109375 0.7082031234375 0.6113281234375 0.761383215625 0.6015625015625 0.8833082921875001 0.6494140625 0.9442708312500001
0 0.4980468765625 0.6316756828125001 0.494140625 0.6783703953125 0.5126953125 0.728956328125 0.6074218765625 0.761383215625 0.6611328109375 0.7082031234375 0.7236328109375 0.7393329328125 0.734375 0.68096454375 0.7226562515625 0.6498347328125 0.6416015640625 0.5992488 0.6025390625 0.604437096875 0.5654296875 0.6459435078125 0.4980468765625 0.6316756828125001
0 0.953125 0.9014673484375001 0.9921874984375 0.8677433890625 1 0.7328475531249999 0.9833984359375 0.7107972765625 0.9013671890625 0.718579728125 0.787109375 0.8132662249999999 0.8046874984375 0.88071414375 0.8251953125 0.9027644203125 0.953125 0.9014673484375001
0 1 0.595357575 0.9814453125 0.594060496875 0.9550781234375 0.618704928125 0.9296874984375 0.6991236 1 0.7172826515625 1 0.595357575
0 0.896484375 0.7069060515625 0.8271484359375 0.6511318109374999 0.7568359375 0.68485576875 0.7460937484375 0.7639773640625 0.775390625 0.802889625 0.8466796875 0.7730568921875001 0.896484375 0.7069060515625
0 0.7451171890625 0.575901440625 0.6806640625 0.5992488 0.744140625 0.696529446875 0.8359374984375 0.6394581328125 0.8037109375 0.6018429484375 0.7451171890625 0.575901440625
0 0.7080078109375 0.5525540875 0.7109374984375 0.5356921078125 0.6748046875 0.49288862031249997 0.6162109375 0.48251202031249996 0.4873046875 0.5551482359375 0.478515625 0.5979517234375 0.5449218765625 0.6420522828124999 0.7080078109375 0.5525540875
0 0.5546874984375 0.5253155031250001 0.6123046875 0.48251202031249996 0.6650390625 0.48770031718749995 0.7041015640625 0.5214242765625 0.7070312515625 0.46824418906250004 0.5986328109375 0.41506410312500003 0.5390625015625 0.48899739531249997 0.5332031234375 0.522721353125 0.5546874984375 0.5253155031250001
0 0.9638671890625 0.6018429484375 1 0.590169271875 0.9990234359375 0.565524840625 0.8994140625 0.5447716359375 0.8085937484375 0.5979517234375 0.8759765640625 0.67447916875 0.927734375 0.6783703953125 0.9638671890625 0.6018429484375
0 0.833984375 0.5590394609375 0.8320312515625 0.486403246875 0.7802734359375 0.4565705125 0.740234375 0.496779846875 0.7324218765625 0.5538511640625 0.7451171890625 0.5733072921875 0.7988281234375 0.5771985171875 0.833984375 0.5590394609375
0 0.962890625 0.48121494374999996 0.974609375 0.5279096562500001 1 0.5382862562499999 0.9951171890625 0.41506410312500003 0.9648437484375 0.4500851390625 0.962890625 0.48121494374999996
0 0.5292968765625 0.48380909218749996 0.5634765640625 0.42544070781250004 0.6015625015625 0.405984575 0.5986328109375 0.3631810875 0.5732421890625 0.38134014375 0.5654296875 0.3631810875 0.5175781234375 0.4215494765625 0.5175781234375 0.48380909218749996 0.5292968765625 0.48380909218749996
0 0.6220703125 0.33464543125 0.609375 0.36966646718749996 0.6113281234375 0.405984575 0.6513671890625 0.4306290046875 0.7294921890625 0.412469953125 0.7607421890625 0.4565705125 0.8632812515625 0.4578675890625 0.9550781234375 0.4397085328125 0.9394531234375 0.333348359375 0.9228515640625 0.31389222499999997 0.8466796875 0.3112980765625 0.8076171890625 0.2697916671875 0.7099609375 0.26460336406249996 0.6591796875 0.3216746765625 0.6220703125 0.33464543125