0 0.1923828125 0.25812046093749996 0.1279296875 0.2496109953125 0.1083984375 0.2354285515625 0.1015625 0.285067103125 0.06640625 0.32761443125 0.076171875 0.4070361125 0.095703125 0.45241992968750006 0.09765625 0.4864577921875 0.1171875 0.49213077031249997 0.1923828125 0.479366571875 0.228515625 0.40136313437500004 0.2265625 0.3446333625 0.1923828125 0.25812046093749996
0 0.2138671875 0.20706366874999999 0.2080078125 0.20706366874999999 0.19921875 0.2652116828125 0.2265625 0.3389603859375 0.23046875 0.3956901578125 0.208984375 0.44391046406249995 0.20703125 0.47227535 0.236328125 0.47227535 0.26953125 0.2255008421875 0.2529296875 0.2354285515625 0.2275390625 0.22975557656249998 0.2138671875 0.20706366874999999
0 0.408203125 0.3588158078125 0.38671875 0.3077590125 0.3623046875 0.28081236875000004 0.3564453125 0.26379343906249997 0.3154296875 0.26379343906249997 0.2841796875 0.2524474859375 0.27734375 0.287903590625 0.263671875 0.30492252343750004 0.255859375 0.333287409375 0.25390625 0.39285367031249996 0.2822265625 0.46802061874999995 0.3076171875 0.47085710625 0.3330078125 0.49922199218749996 0.34375 0.497803746875 0.3701171875 0.47085710625 0.3935546875 0.4623476390625 0.408203125 0.4382374875 0.408203125 0.3588158078125
0 0.35546875 0.2595387046875 0.345703125 0.21415488749999997 0.34765625 0.1886264921875 0.3427734375 0.1815352703125 0.3291015625 0.1928812234375 0.3076171875 0.1928812234375 0.2880859375 0.1730258046875 0.283203125 0.1772805375 0.27734375 0.1886264921875 0.28125 0.20848191093750001 0.265625 0.2567022171875 0.265625 0.30492252343750004 0.275390625 0.29074008125 0.2841796875 0.2524474859375 0.3369140625 0.266629928125 0.35546875 0.2595387046875
0 0.3603515625 0.24677450625000003 0.36328125 0.2793941265625 0.39453125 0.3162684765625 0.40234375 0.2567022171875 0.3974609375 0.2524474859375 0.3818359375 0.26095695 0.3603515625 0.24677450625000003
0 0.4287109375 0.3233596984375 0.3955078125 0.317686721875 0.41015625 0.3616522953125 0.41015625 0.43256451093750004 0.4150390625 0.4396557296875 0.427734375 0.4382374875 0.458984375 0.4297280203125 0.455078125 0.37867122656249996 0.439453125 0.3361238984375 0.4287109375 0.3233596984375
0 0.56640625 0.347469853125 0.55078125 0.31910496718750003 0.552734375 0.26237519531250003 0.5068359375 0.26095695 0.4912109375 0.24393801874999999 0.48046875 0.3077590125 0.458984375 0.3361238984375 0.45703125 0.3588158078125 0.466796875 0.4268915328125 0.48046875 0.441073975 0.48046875 0.45241992968750006 0.517578125 0.45809290625 0.5546875 0.44391046406249995 0.5703125 0.40419962500000006 0.5703125 0.3701617609375 0.56640625 0.347469853125
0 0.623046875 0.2964130578125 0.62109375 0.23117381875 0.5908203125 0.23259206406250002 0.5771484375 0.221246109375 0.55859375 0.270884659375 0.55078125 0.31059549999999997 0.568359375 0.3531428296875 0.572265625 0.37867122656249996 0.5625 0.43540099843749996 0.603515625 0.4382374875 0.619140625 0.4297280203125 0.62109375 0.3956901578125 0.61328125 0.3446333625 0.623046875 0.2964130578125
0 0.7890625 0.3588158078125 0.7509765625 0.303504278125 0.7041015625 0.297831303125 0.669921875 0.367325271875 0.666015625 0.40419962500000006 0.673828125 0.4495834421875 0.6787109375 0.4566746640625 0.767578125 0.460929396875 0.7919921875 0.445328709375 0.796875 0.43256451093750004 0.798828125 0.4098726015625 0.7890625 0.3588158078125
0 0.94140625 0.4297280203125 0.9560546875 0.2013906890625 0.9423828125 0.20706366874999999 0.9111328125 0.1985542015625 0.892578125 0.2113184 0.88671875 0.2652116828125 0.8515625 0.3134319890625 0.826171875 0.3616522953125 0.82421875 0.40136313437500004 0.80859375 0.4297280203125 0.8115234375 0.4396557296875 0.8203125 0.4382374875 0.8642578125 0.4283097765625 0.8720703125 0.41696382187500003 0.9287109375 0.4339827546875 0.94140625 0.4297280203125
0 0.6123046875 0.6694113078124999 0.5830078125 0.672247796875 0.5498046875 0.6949397046875 0.5048828125 0.6835937515625 0.4873046875 0.6835937515625 0.4736328125 0.6949397046875 0.4541015625 0.6835937515625 0.4453125 0.6878484828125 0.4453125 0.7389052781250001 0.439453125 0.755924209375 0.4453125 0.8098174921875 0.484375 0.9147675703125 0.5068359375 0.9473871890625001 0.5234375 0.9488054343749999 0.5966796875 0.88214795 0.693359375 0.77861611875 0.6591796875 0.70061268125 0.6123046875 0.6694113078124999