0 0.33984375 0.32666015625 0.3359375 0.30615234375 0.3251953125 0.3017578140625 0.326171875 0.32373046875 0.33984375 0.32666015625
0 0.2060546875 0.298828125 0.216796875 0.30029296875 0.220703125 0.26220703125 0.2060546875 0.2578125 0.203125 0.29150390625 0.2060546875 0.298828125
0 0.9775390625 0.3779296859375 0.9912109375 0.38671875 1 0.38525390625 0.9990234375 0.3486328140625 0.974609375 0.35595703125 0.97265625 0.37060546875 0.9775390625 0.3779296859375
0 0.3037109375 0.3515625 0.2841796875 0.3544921859375 0.2734375 0.37060546875 0.271484375 0.39404296875 0.25390625 0.40283203125 0.2587890625 0.41015625 0.2685546875 0.41015625 0.2705078125 0.4013671859375 0.306640625 0.40869140625 0.326171875 0.39404296875 0.330078125 0.37939453125 0.3271484375 0.3603515640625 0.3037109375 0.3515625
0 0.7333984375 0.328125 0.6982421875 0.33984375 0.6875 0.35302734375 0.68359375 0.40576171875 0.6923828125 0.4130859359375 0.7109375 0.41162109375 0.71484375 0.40869140625 0.71875 0.37646484375 0.73828125 0.34423828125 0.7333984375 0.328125
0 0.2421875 0.49658203125 0.23046875 0.50830078125 0.2333984375 0.5126953140625 0.2548828125 0.515625 0.263671875 0.51123046875 0.2705078125 0.486328125 0.2822265625 0.498046875 0.3095703125 0.5009765640625 0.3203125 0.48486328125 0.3203125 0.47607421875 0.3056640625 0.4892578140625 0.2880859375 0.486328125 0.2734375 0.47021484375 0.2587890625 0.4365234359375 0.2333984375 0.4189453140625 0.2001953125 0.4248046859375 0.1904296875 0.41015625 0.1669921875 0.4189453140625 0.171875 0.44970703125 0.1796875 0.46728515625 0.2060546875 0.4833984359375 0.2109375 0.49072265625 0.2109375 0.51708984375 0.21875 0.51708984375 0.224609375 0.51123046875 0.2255859375 0.486328125 0.2353515625 0.486328125 0.2421875 0.49658203125
0 0.267578125 0.68994140625 0.26953125 0.71923828125 0.2763671875 0.7265625 0.283203125 0.72216796875 0.279296875 0.69873046875 0.2822265625 0.685546875 0.2900390625 0.685546875 0.2998046875 0.7060546859375 0.3046875 0.70166015625 0.30078125 0.66650390625 0.310546875 0.64892578125 0.314453125 0.62841796875 0.3125 0.61083984375 0.3037109375 0.5947265640625 0.302734375 0.60791015625 0.2958984375 0.6123046859375 0.2841796875 0.5830078140625 0.2607421875 0.5830078140625 0.240234375 0.59326171875 0.232421875 0.61962890625 0.232421875 0.65185546875 0.24609375 0.71044921875 0.2421875 0.73095703125 0.2470703125 0.73828125 0.25390625 0.73681640625 0.2578125 0.73095703125 0.255859375 0.71044921875 0.2607421875 0.6826171859375 0.267578125 0.68994140625
0 0.501953125 0.58447265625 0.5068359375 0.5888671859375 0.513671875 0.58447265625 0.5234375 0.47607421875 0.5126953125 0.4541015640625 0.4951171875 0.451171875 0.4462890625 0.4833984359375 0.4208984375 0.4833984359375 0.4130859375 0.46875 0.392578125 0.48779296875 0.390625 0.52001953125 0.4091796875 0.52734375 0.416015625 0.54638671875 0.4140625 0.56689453125 0.396484375 0.59912109375 0.4052734375 0.603515625 0.4404296875 0.5654296859375 0.4501953125 0.5654296859375 0.455078125 0.57861328125 0.451171875 0.60205078125 0.458984375 0.60498046875 0.466796875 0.56396484375 0.4775390625 0.55078125 0.4912109375 0.5478515640625 0.501953125 0.58447265625
0 0.669921875 0.48486328125 0.6591796875 0.46875 0.6455078125 0.46875 0.6328125 0.48779296875 0.630859375 0.50830078125 0.6201171875 0.5185546859375 0.6005859375 0.521484375 0.5791015625 0.515625 0.576171875 0.52001953125 0.5966796875 0.533203125 0.6318359375 0.52734375 0.64453125 0.56982421875 0.6640625 0.58447265625 0.677734375 0.56396484375 0.67578125 0.53466796875 0.6796875 0.51708984375 0.669921875 0.48486328125
0 0.787109375 0.52587890625 0.7568359375 0.4892578140625 0.7431640625 0.486328125 0.7333984375 0.4921875 0.7021484375 0.5302734359375 0.6796875 0.53173828125 0.6796875 0.54052734375 0.6845703125 0.544921875 0.7080078125 0.55078125 0.7216796875 0.5654296859375 0.7470703125 0.568359375 0.7666015625 0.591796875 0.775390625 0.59033203125 0.775390625 0.57861328125 0.7822265625 0.5771484359375 0.7890625 0.55810546875 0.787109375 0.52587890625
0 0.8232421875 0.5830078140625 0.8134765625 0.5830078140625 0.8115234375 0.5771484359375 0.7861328125 0.5830078140625 0.7783203125 0.5771484359375 0.775390625 0.58447265625 0.7890625 0.63134765625 0.791015625 0.65478515625 0.787109375 0.66650390625 0.796875 0.67236328125 0.796875 0.70751953125 0.8037109375 0.720703125 0.818359375 0.72509765625 0.83984375 0.68701171875 0.845703125 0.65478515625 0.83984375 0.61669921875 0.8232421875 0.5830078140625
0 0.8671875 0.49365234375 0.8623046875 0.4892578140625 0.8583984375 0.498046875 0.8427734375 0.4775390640625 0.8349609375 0.4775390640625 0.822265625 0.49365234375 0.810546875 0.52294921875 0.806640625 0.55224609375 0.8076171875 0.57421875 0.833984375 0.59033203125 0.8466796875 0.5830078140625 0.861328125 0.55224609375 0.8671875 0.51416015625 0.8671875 0.49365234375
0 0.86328125 0.42919921875 0.8623046875 0.3955078140625 0.8466796875 0.3955078140625 0.8310546875 0.41015625 0.8173828125 0.41015625 0.802734375 0.43212890625 0.794921875 0.45556640625 0.79296875 0.48193359375 0.8037109375 0.4892578140625 0.82421875 0.48779296875 0.841796875 0.47021484375 0.841796875 0.45849609375 0.8515625 0.43505859375 0.86328125 0.42919921875
0 0.9423828125 0.4775390640625 0.92578125 0.49658203125 0.9189453125 0.515625 0.9052734375 0.5244140640625 0.8955078125 0.5185546859375 0.892578125 0.52587890625 0.8955078125 0.5361328140625 0.9248046875 0.52734375 0.9296875 0.55224609375 0.9501953125 0.5654296859375 0.990234375 0.56689453125 0.998046875 0.54931640625 0.99609375 0.51708984375 0.9638671875 0.4775390640625 0.9423828125 0.4775390640625
0 1 0.57568359375 0.9970703125 0.5712890640625 0.9345703125 0.5595703140625 0.8837890625 0.5595703140625 0.8759765625 0.5654296859375 0.861328125 0.56103515625 0.8671875 0.57275390625 0.87109375 0.61669921875 0.8876953125 0.615234375 0.904296875 0.63720703125 0.90234375 0.64892578125 0.8955078125 0.6591796859375 0.8896484375 0.6591796859375 0.8896484375 0.6650390640625 0.9013671875 0.6650390640625 0.9150390625 0.650390625 0.9326171875 0.6474609359375 0.94140625 0.65478515625 0.951171875 0.68115234375 0.947265625 0.69873046875 0.95703125 0.69873046875 0.9619140625 0.66796875 0.9833984375 0.6767578140625 1 0.67236328125 1 0.57568359375
0 0.9853515625 0.83203125 1 0.81298828125 0.9990234375 0.6884765640625 0.9775390625 0.69140625 0.9462890625 0.708984375 0.931640625 0.73388671875 0.916015625 0.78662109375 0.8994140625 0.8173828140625 0.8896484375 0.8203125 0.87109375 0.79833984375 0.87109375 0.81298828125 0.876953125 0.82763671875 0.8916015625 0.8408203140625 0.9150390625 0.8349609359375 0.9345703125 0.8056640640625 0.931640625 0.84814453125 0.935546875 0.86865234375 0.9404296875 0.8818359359375 0.95703125 0.88916015625 0.958984375 0.87451171875 0.951171875 0.86572265625 0.951171875 0.85107421875 0.9853515625 0.83203125