0 0.9814453125 0.6610659234375 0.9677734375 0.685894690625 0.9599609375 0.685894690625 0.9384765625 0.6641695203125 0.9199218765625 0.622270975 0.9082031234375 0.5570954625 0.8662109375 0.49347174843749997 0.8134765625 0.47795376718749993 0.7412109375 0.4965753421875 0.6962890625 0.46553938281249996 0.6865234375 0.44071061718750004 0.6728515625 0.45622859687500006 0.6503906234375 0.5012307375 0.65234375 0.5446810796875 0.6591796875 0.555543665625 0.6845703125 0.555543665625 0.71875 0.6502033390624999 0.7246093765625 0.690550084375 0.71875 0.75882919375 0.7314453125 0.7634845890624999 0.7402343765625 0.752622003125 0.7451171875 0.6983090734374999 0.75 0.72158604375 0.74609375 0.7495184078125 0.7607421875 0.754173803125 0.7675781234375 0.74020761875 0.7675781234375 0.6439961484375 0.8017578125 0.639340753125 0.8417968765625 0.7029644687500001 0.8417968765625 0.7246896406250001 0.8203125 0.75882919375 0.8330078125 0.775898971875 0.8496093765625 0.774347175 0.875 0.7122752578125 0.87109375 0.668824915625 0.8916015625 0.6331335609375001 0.9160156234375 0.6998608734375 0.9521484375 0.7324486296875 0.9794921875 0.7262414390624999 0.99609375 0.671928509375 0.9814453125 0.6610659234375
0 0.5527343765625 0.5384738875 0.5830078125 0.5307148984375 0.5878906234375 0.5105415234375 0.5576171875 0.45002140312499994 0.5439453125 0.4469178078125 0.5214843765625 0.4795055640625 0.5175781234375 0.5012307375 0.5341796875 0.540025684375 0.5527343765625 0.5384738875
0 0.5361328125 0.41277825156250003 0.5078125 0.39570847656249997 0.5078125 0.41433005156249997 0.5224609375 0.44071061718750004 0.5410156234375 0.4453660109375 0.546875 0.43915881875 0.5361328125 0.41277825156250003
0 0.4589843765625 0.5570954625 0.4785156234375 0.5322666953125 0.4775390625 0.5120933203125 0.4697265625 0.5089897265625 0.4638671875 0.53381849375 0.4306640625 0.518300515625 0.4013671875 0.53381849375 0.3779296875 0.5276113015624999 0.3496093765625 0.550888271875 0.3457031234375 0.60054580625 0.375 0.6657213171875 0.375 0.706068065625 0.3925781234375 0.7122752578125 0.4013671875 0.6331335609375001 0.4267578125 0.6269263703125 0.4355468765625 0.64089255 0.4277343765625 0.6781357015625 0.4345703125 0.685894690625 0.4453125 0.6781357015625 0.44921875 0.5943386140625 0.4589843765625 0.5570954625
0 0.3671875 0.46709118125 0.3896484375 0.50588613125 0.3974609375 0.502782534375 0.4072265625 0.5276113015624999 0.4140625 0.5260595046875001 0.4150390625 0.5120933203125 0.44140625 0.5136451203125 0.421875 0.46709118125 0.4316406234375 0.4267444359375 0.4306640625 0.39726027343750003 0.4238281234375 0.398812071875 0.4130859375 0.4469178078125 0.3671875 0.46709118125
0 0.2753906234375 0.5012307375 0.2783203125 0.5245077046875 0.2998046875 0.5245077046875 0.30859375 0.5384738875 0.3095703125 0.5772688359375 0.3173828125 0.555543665625 0.3183593765625 0.5788206328125 0.3261718765625 0.5788206328125 0.3291015625 0.5369220875 0.3466796875 0.5307148984375 0.3505859375 0.5462328765625 0.390625 0.5260595046875001 0.3847656234375 0.4950235453125 0.3701171875 0.47174657499999995 0.2861328125 0.48416095937500003 0.2753906234375 0.5012307375
0 0.2373046875 0.64244435 0.2363281234375 0.5912350171874999 0.2138671875 0.56795805 0.1826171875 0.5803724328125 0.1591796875 0.5741652390625 0.15234375 0.6036494 0.1796875 0.6502033390624999 0.2373046875 0.64244435
0 0.1855468765625 0.50433433125 0.1923828125 0.56795805 0.24609375 0.572613440625 0.2216796875 0.5089897265625 0.2080078125 0.4996789375 0.1855468765625 0.50433433125
0 0.1425781234375 0.5757170390625 0.15625 0.5819242296875 0.1669921875 0.57106164375 0.1845703125 0.5772688359375 0.19140625 0.5695098468750001 0.1894531234375 0.52295590625 0.1708984375 0.47795376718749993 0.1503906234375 0.5384738875 0.13671875 0.550888271875 0.1425781234375 0.5757170390625
0 0.1123046875 0.5772688359375 0.1337890625 0.5896832187500001 0.1347656234375 0.5601990578125 0.1103515625 0.540025684375 0.0537109375 0.5369220875 0.0390625 0.5570954625 0.0253906234375 0.60054580625 0.0458984375 0.57106164375 0.048828123437499996 0.5819242296875 0.041015623437499996 0.5974422078125 0.0546875 0.6160637828125 0.0537109375 0.5958904109375001 0.0732421875 0.6145119859375 0.06640625 0.60054580625 0.0732421875 0.586579621875 0.0966796875 0.586579621875 0.1064453125 0.602097603125 0.11328125 0.60054580625 0.1123046875 0.5772688359375
0 0.8642578125 0.356913528125 0.8691406234375 0.40191566874999995 0.8925781234375 0.40812286093749994 0.9003906234375 0.37398330468749996 0.8916015625 0.3600171234375 0.8642578125 0.356913528125
0 0.5517578125 0.31656678125000004 0.54296875 0.3305329609375 0.55078125 0.3429473453125 0.5771484375 0.33518835625 0.5800781234375 0.3243257703125 0.5517578125 0.31656678125000004