0 0.6181640625 0.5859375 0.609375 0.56103515625 0.6025390625 0.5595703140625 0.56640625 0.65771484375 0.568359375 0.80419921875 0.564453125 0.82177734375 0.5859375 0.83056640625 0.595703125 0.85986328125 0.599609375 0.90087890625 0.615234375 0.94189453125 0.6259765625 0.9990234359375 0.69140625 0.99755859375 0.669921875 0.88623046875 0.638671875 0.78662109375 0.626953125 0.72509765625 0.62109375 0.65185546875 0.6328125 0.64013671875 0.63671875 0.61083984375 0.6328125 0.59619140625 0.6181640625 0.5859375
0 0 0.51416015625 0.015625 0.55810546875 0.013671875 0.60791015625 0.029296875 0.65185546875 0.021484375 0.67529296875 0.0234375 0.69873046875 0.0322265625 0.7236328140625 0.0458984375 0.720703125 0.0556640625 0.732421875 0.0703125 0.73388671875 0.07421875 0.72509765625 0.060546875 0.70751953125 0.056640625 0.69287109375 0.0673828125 0.673828125 0.0888671875 0.6650390640625 0.1376953125 0.6650390640625 0.15234375 0.70458984375 0.154296875 0.72216796875 0.1650390625 0.7265625 0.169921875 0.71923828125 0.166015625 0.65185546875 0.1796875 0.63134765625 0.18359375 0.60791015625 0.1953125 0.58447265625 0.21484375 0.57568359375 0.212890625 0.54638671875 0.1826171875 0.5126953140625 0.1796875 0.52587890625 0.1611328125 0.5478515640625 0.1123046875 0.544921875 0.0419921875 0.5537109359375 0.009765625 0.48193359375 0.005859375 0.46435546875 0.0078125 0.45263671875 0.015625 0.44384765625 0.015625 0.43212890625 0.0048828125 0.427734375 0 0.43505859375 0 0.51416015625
0 0.548828125 0.49365234375 0.5439453125 0.5068359359375 0.4912109375 0.4951171859375 0.4873046875 0.474609375 0.4736328125 0.4716796859375 0.453125 0.51708984375 0.453125 0.54638671875 0.462890625 0.61376953125 0.4609375 0.63427734375 0.4677734375 0.6357421859375 0.478515625 0.62255859375 0.4873046875 0.591796875 0.5146484375 0.591796875 0.533203125 0.61962890625 0.533203125 0.62841796875 0.525390625 0.64013671875 0.525390625 0.65478515625 0.5390625 0.65771484375 0.55078125 0.62841796875 0.548828125 0.59033203125 0.55859375 0.54638671875 0.564453125 0.46435546875 0.564453125 0.43212890625 0.5595703125 0.4248046859375 0.548828125 0.43212890625 0.548828125 0.49365234375
0 0.451171875 0.52001953125 0.45703125 0.49951171875 0.45703125 0.45556640625 0.4423828125 0.4248046859375 0.4306640625 0.4189453140625 0.41796875 0.43212890625 0.416015625 0.45263671875 0.40234375 0.46728515625 0.396484375 0.48486328125 0.40234375 0.53466796875 0.396484375 0.57861328125 0.4111328125 0.5859375 0.4140625 0.55224609375 0.4189453125 0.544921875 0.42578125 0.59033203125 0.435546875 0.59033203125 0.4296875 0.56396484375 0.435546875 0.52880859375 0.4404296875 0.521484375 0.4453125 0.53173828125 0.4453125 0.55517578125 0.4501953125 0.5625 0.453125 0.55810546875 0.451171875 0.52001953125
0 0.4345703125 0.4189453140625 0.4541015625 0.4453125 0.462890625 0.44970703125 0.462890625 0.47900390625 0.466796875 0.47900390625 0.478515625 0.46728515625 0.4931640625 0.3779296859375 0.4755859375 0.380859375 0.4677734375 0.3896484359375 0.4384765625 0.38671875 0.421875 0.40869140625 0.4228515625 0.421875 0.4345703125 0.4189453140625
0 0.361328125 0.37060546875 0.365234375 0.35888671875 0.3623046875 0.3544921859375 0.3544921875 0.3544921859375 0.349609375 0.36181640625 0.349609375 0.40869140625 0.333984375 0.43212890625 0.330078125 0.44970703125 0.3359375 0.53173828125 0.33203125 0.56689453125 0.3359375 0.56982421875 0.341796875 0.56689453125 0.3466796875 0.5302734359375 0.353515625 0.54345703125 0.353515625 0.56689453125 0.36328125 0.56689453125 0.365234375 0.45849609375 0.361328125 0.44091796875 0.361328125 0.37060546875
0 0.30078125 0.44384765625 0.3037109375 0.38671875 0.2919921875 0.392578125 0.2822265625 0.3837890640625 0.28125 0.40869140625 0.2763671875 0.4130859359375 0.2294921875 0.416015625 0.2197265625 0.43359375 0.1953125 0.44091796875 0.193359375 0.46142578125 0.2001953125 0.4775390640625 0.208984375 0.47607421875 0.2021484375 0.45703125 0.2236328125 0.4541015640625 0.2265625 0.45849609375 0.234375 0.49072265625 0.234375 0.52587890625 0.2373046875 0.533203125 0.244140625 0.53173828125 0.248046875 0.52001953125 0.244140625 0.49658203125 0.2509765625 0.4775390640625 0.2666015625 0.4775390640625 0.2802734375 0.5068359359375 0.291015625 0.50537109375 0.2890625 0.48486328125 0.30078125 0.44384765625
0 0.142578125 0.34716796875 0.15234375 0.37060546875 0.15625 0.39697265625 0.154296875 0.42041015625 0.16015625 0.48193359375 0.17578125 0.49072265625 0.177734375 0.47021484375 0.1875 0.45849609375 0.1953125 0.43212890625 0.201171875 0.38525390625 0.1865234375 0.369140625 0.1708984375 0.38671875 0.1455078125 0.33984375 0.142578125 0.34716796875
0 0.3408203125 0.263671875 0.32421875 0.26806640625 0.330078125 0.28564453125 0.333984375 0.33251953125 0.34375 0.33837890625 0.3681640625 0.322265625 0.3720703125 0.328125 0.3828125 0.32666015625 0.392578125 0.28271484375 0.392578125 0.25927734375 0.3876953125 0.2431640640625 0.3720703125 0.240234375 0.3408203125 0.263671875
0 0.44921875 0.19482421875 0.462890625 0.15087890625 0.4580078125 0.134765625 0.4501953125 0.1318359359375 0.443359375 0.13916015625 0.451171875 0.15380859375 0.4404296875 0.181640625 0.4169921875 0.17578125 0.3955078125 0.181640625 0.3837890625 0.1728515640625 0.375 0.18017578125 0.373046875 0.19189453125 0.3837890625 0.19921875 0.3984375 0.22412109375 0.400390625 0.24462890625 0.408203125 0.24462890625 0.4130859375 0.22265625 0.4287109375 0.2255859359375 0.4326171875 0.2431640640625 0.4375 0.24169921875 0.4423828125 0.2255859359375 0.4453125 0.24169921875 0.451171875 0.23876953125 0.44921875 0.19482421875
0 0.5576171875 0.345703125 0.5478515625 0.345703125 0.544921875 0.35302734375 0.552734375 0.35888671875 0.548828125 0.42626953125 0.5595703125 0.427734375 0.564453125 0.43505859375 0.56640625 0.48779296875 0.580078125 0.49072265625 0.57421875 0.47607421875 0.5849609375 0.451171875 0.59375 0.44970703125 0.595703125 0.41455078125 0.5712890625 0.416015625 0.564453125 0.40283203125 0.560546875 0.35302734375 0.5576171875 0.345703125
0 0.6748046875 0.4833984359375 0.66796875 0.47314453125 0.6640625 0.43505859375 0.6572265625 0.421875 0.6435546875 0.421875 0.63671875 0.44091796875 0.63671875 0.45849609375 0.640625 0.50244140625 0.650390625 0.53466796875 0.650390625 0.55810546875 0.642578125 0.58154296875 0.6494140625 0.5859375 0.6611328125 0.580078125 0.6669921875 0.5625 0.6689453125 0.591796875 0.712890625 0.59619140625 0.7373046875 0.5888671859375 0.7421875 0.55810546875 0.7353515625 0.5537109359375 0.7197265625 0.5771484359375 0.716796875 0.54345703125 0.70703125 0.51123046875 0.6943359375 0.4921875 0.6748046875 0.4833984359375
0 0.640625 0.39990234375 0.63671875 0.41455078125 0.6396484375 0.4248046859375 0.6533203125 0.4189453140625 0.662109375 0.42919921875 0.6572265625 0.3955078140625 0.640625 0.39990234375
0 0.625 0.53759765625 0.640625 0.54052734375 0.642578125 0.48193359375 0.6357421875 0.4306640640625 0.623046875 0.43798828125 0.619140625 0.47900390625 0.6123046875 0.48046875 0.611328125 0.49072265625 0.623046875 0.50244140625 0.625 0.53759765625
0 0.673828125 0.36181640625 0.6796875 0.41162109375 0.689453125 0.42919921875 0.689453125 0.45556640625 0.685546875 0.46142578125 0.6943359375 0.4658203140625 0.705078125 0.42919921875 0.7197265625 0.416015625 0.734375 0.43798828125 0.732421875 0.46142578125 0.73828125 0.46435546875 0.744140625 0.44091796875 0.73828125 0.39697265625 0.779296875 0.33251953125 0.7802734375 0.31640625 0.7412109375 0.36328125 0.7119140625 0.3603515640625 0.6865234375 0.369140625 0.673828125 0.36181640625
0 0.671875 0.28857421875 0.669921875 0.25048828125 0.6572265625 0.2255859359375 0.65234375 0.23291015625 0.654296875 0.26806640625 0.66015625 0.29736328125 0.666015625 0.30029296875 0.671875 0.28857421875
0 0.8544921875 0.4423828140625 0.8095703125 0.439453125 0.7705078125 0.4482421859375 0.76171875 0.43505859375 0.751953125 0.39697265625 0.748046875 0.39697265625 0.744140625 0.41455078125 0.763671875 0.46435546875 0.767578125 0.49365234375 0.765625 0.52587890625 0.7705078125 0.5361328140625 0.7900390625 0.5419921859375 0.791015625 0.53466796875 0.783203125 0.52001953125 0.7978515625 0.4951171859375 0.8251953125 0.4921875 0.83203125 0.50244140625 0.837890625 0.53759765625 0.849609375 0.54052734375 0.853515625 0.53173828125 0.849609375 0.49658203125 0.8642578125 0.46875 0.87890625 0.45556640625 0.8779296875 0.4306640640625 0.8681640625 0.4365234359375 0.8623046875 0.427734375 0.8544921875 0.4423828140625
0 1 0.58447265625 0.9619140625 0.5712890640625 0.9326171875 0.57421875 0.8896484375 0.5302734359375 0.88671875 0.54638671875 0.87109375 0.56396484375 0.86328125 0.59033203125 0.8681640625 0.59765625 0.8837890625 0.59765625 0.890625 0.61083984375 0.896484375 0.65771484375 0.9140625 0.71337890625 0.9140625 0.75439453125 0.90234375 0.77783203125 0.91796875 0.78076171875 0.9248046875 0.7705078140625 0.939453125 0.76611328125 0.939453125 0.75146484375 0.9521484375 0.7060546859375 0.9853515625 0.697265625 0.9931640625 0.7001953140625 1 0.71923828125 1 0.58447265625
0 1 0.48779296875 0.9482421875 0.4716796859375 0.94140625 0.49658203125 0.955078125 0.52001953125 0.966796875 0.56982421875 1 0.58154296875 1 0.48779296875