0 0.310546875 0.9508137218750001 0.314453125 0.936907853125 0.3271484375 0.9073578843749999 0.3369140625 0.9038814187499999 0.3564453125 0.8691167484375001 0.357421875 0.9090961171874999 0.3681640625 0.9108343515625 0.373046875 0.9021431828124999 0.392578125 0.8604255796875 0.400390625 0.8152315109374999 0.431640625 0.7561315703125 0.435546875 0.7352727671875 0.4326171875 0.7091992671875 0.4169921875 0.7126757328125 0.3916015625 0.6744345968750001 0.3740234375 0.6779110640625 0.3544921875 0.6952933984375 0.3271484375 0.698769865625 0.2666015625 0.737011003125 0.2216796875 0.803063875 0.1962890625 0.8134932765625 0.1494140625 0.7891580078125 0.115234375 0.7422257015625 0.107421875 0.70746103125 0.1142578125 0.6952933984375 0.1279296875 0.69181693125 0.1328125 0.6796492953125 0.1298828125 0.6674816625 0.1005859375 0.6570522609375 0.08203125 0.6796492953125 0.076171875 0.731796303125 0.0859375 0.7665609734375 0.1142578125 0.81696974375 0.1572265625 0.8621638140625001 0.2099609375 0.883022615625 0.2177734375 0.8934520171875 0.232421875 0.9230019859375 0.2314453125 0.9942695593750001 0.2607421875 0.9977460265625 0.263671875 0.9786254578125 0.259765625 0.961243125 0.2705078125 0.9421225546875001 0.275390625 0.9577666546874999 0.2734375 0.9786254578125 0.2822265625 0.9907930921875 0.3359375 0.9960077953124999 0.34375 0.9821019265625001 0.341796875 0.9751489921875001 0.3134765625 0.9664578234375 0.310546875 0.9508137218750001
0 0.2470703125 0.7022463328125 0.2158203125 0.7265816015625 0.17578125 0.7978491734375 0.1904296875 0.810016809375 0.20703125 0.8082785765624999 0.2197265625 0.803063875 0.2509765625 0.7509168703125 0.287109375 0.7178904359375 0.2470703125 0.7022463328125
0 0.1650390625 0.9316931546875 0.1806640625 0.9664578234375 0.2216796875 0.9351696203125 0.224609375 0.9125725875 0.2099609375 0.8864990828125 0.1533203125 0.8656402812499999 0.1025390625 0.9073578843749999 0 0.936907853125 0.0009765625 0.9803636921875001 0.0390625 0.985578390625 0.0517578125 0.9768872249999999 0.0869140625 0.9768872249999999 0.1552734375 0.9316931546875 0.1650390625 0.9316931546875
0 0.3388671875 0.6883404640624999 0.3544921875 0.69181693125 0.3662109375 0.6779110640625 0.3837890625 0.6744345968750001 0.38671875 0.6622669640625001 0.3544921875 0.5909993890624999 0.3115234375 0.5562347187500001 0.2548828125 0.563187653125 0.2177734375 0.60490525625 0.2021484375 0.60490525625 0.1962890625 0.587522921875 0.1796875 0.603167021875 0.1796875 0.620549359375 0.1943359375 0.6396699265625 0.2177734375 0.636193459375 0.2275390625 0.625764059375 0.248046875 0.665743428125 0.2509765625 0.698769865625 0.29296875 0.7039845671875 0.3017578125 0.698769865625 0.3017578125 0.6883404640624999 0.3134765625 0.7022463328125 0.3388671875 0.6883404640624999
0 0.3955078125 0.514517115625 0.384765625 0.540590615625 0.384765625 0.5996905578125 0.388671875 0.6309787578125 0.412109375 0.6483610953125 0.4423828125 0.6292405249999999 0.4453125 0.6066434921875 0.41796875 0.5266847484375 0.3955078125 0.514517115625
0 0 0.571878821875 0.0400390625 0.5458053171875 0.0576171875 0.549281784375 0.060546875 0.557972953125 0.0556640625 0.5666641203125 0.0302734375 0.5805699875 0.02734375 0.5962140875 0.0400390625 0.5979523234374999 0.0810546875 0.5701405875 0.064453125 0.5996905578125 0.0654296875 0.6083817234375 0.07421875 0.6066434921875 0.1025390625 0.5805699875 0.1162109375 0.5527582515625 0.1591796875 0.59447585625 0.1708984375 0.5909993890624999 0.17578125 0.5684023515625001 0.1318359375 0.5318994499999999 0.1025390625 0.49365831250000003 0.0830078125 0.4797524453125 0.0439453125 0.476275978125 0.0341796875 0.444987775 0.0146484375 0.4415113078125 0.0009765625 0.427605440625 0 0.5371141515625 0.015625 0.540590615625 0 0.554496484375 0 0.571878821875
0 0.291015625 0.40500840625 0.2626953125 0.403270171875 0.251953125 0.349384934375 0.23046875 0.318096728125 0.228515625 0.30419086093750003 0.2119140625 0.3059290953125 0.2001953125 0.2885467609375 0.19921875 0.3459084640625 0.216796875 0.4397730765625 0.212890625 0.4710612765625 0.23828125 0.4780142109375 0.26171875 0.4397730765625 0.2666015625 0.41369957187499995 0.2900390625 0.41369957187499995 0.291015625 0.40500840625
0 0.2265625 0.2972379265625 0.2236328125 0.260735025 0.2080078125 0.2572585578125 0.1962890625 0.2746408921875 0.1796875 0.272902659375 0.18359375 0.3215731984375 0.177734375 0.32852613124999996 0.197265625 0.332002596875 0.201171875 0.3250496625 0.2001953125 0.28507029375 0.2119140625 0.3059290953125 0.2265625 0.2972379265625
0 0.3427734375 0.3094055625 0.318359375 0.318096728125 0.322265625 0.3459084640625 0.310546875 0.3737202 0.3125 0.48149067968750003 0.3203125 0.48496714374999994 0.3232421875 0.47279951093749994 0.337890625 0.47453774531250004 0.345703125 0.3632908015625 0.3427734375 0.3094055625
0 0.623046875 0.9160490515624999 0.62109375 0.891713784375 0.62109375 0.8673785140625 0.65234375 0.7839433062500001 0.646484375 0.72484336875 0.630859375 0.6553140296875 0.6328125 0.6414081609375 0.625 0.634455228125 0.630859375 0.620549359375 0.6279296875 0.5979523234374999 0.6220703125 0.6222875921875 0.5927734375 0.625764059375 0.576171875 0.6622669640625001 0.556640625 0.780466840625 0.5751953125 0.848257946875 0.5947265625 0.8691167484375001 0.61328125 0.8673785140625 0.58984375 0.89866671875 0.591796875 0.9264784546874999 0.603515625 0.961243125 0.6162109375 0.9838401593749999 0.6318359375 0.9942695593750001 0.65625 0.9960077953124999 0.66796875 0.9890548609375 0.671875 0.9577666546874999 0.6376953125 0.9421225546875001 0.623046875 0.9160490515624999
0 0.5673828125 0.684863996875 0.576171875 0.65879049375 0.607421875 0.6101199562499999 0.5791015625 0.6153346578125001 0.5419921875 0.6014287890625 0.5107421875 0.6292405249999999 0.498046875 0.665743428125 0.50390625 0.6761728312499999 0.5078125 0.7178904359375 0.51953125 0.72484336875 0.5166015625 0.6952933984375 0.5322265625 0.6952933984375 0.5537109375 0.6744345968750001 0.5673828125 0.684863996875
0 0.66796875 0.54754355 0.6650390625 0.5284229828125 0.6474609375 0.524946515625 0.638671875 0.5336376828125 0.634765625 0.5510200203125 0.634765625 0.6483610953125 0.6552734375 0.7057228 0.685546875 0.7178904359375 0.69140625 0.714413965625 0.697265625 0.6622669640625001 0.6875 0.5823082203125 0.66796875 0.54754355
0 0.8017578125 0.4171760390625 0.79296875 0.4397730765625 0.78515625 0.50234948125 0.794921875 0.505825946875 0.80078125 0.491920078125 0.802734375 0.43629660625 0.8095703125 0.4171760390625 0.8017578125 0.4171760390625
0 0.7666015625 0.5040877140625 0.7490234375 0.49713477968750003 0.7177734375 0.5179935812500001 0.6875 0.509302415625 0.6982421875 0.5597111859375 0.7236328125 0.549281784375 0.765625 0.56144941875 0.78125 0.540590615625 0.779296875 0.509302415625 0.7724609375 0.49365831250000003 0.7666015625 0.5040877140625
0 0.560546875 0.491920078125 0.5673828125 0.49365831250000003 0.5693359375 0.4797524453125 0.572265625 0.50234948125 0.5791015625 0.50756418125 0.580078125 0.45367894375000006 0.5966796875 0.42065250625 0.6123046875 0.4310819078125 0.619140625 0.4154378046875 0.619140625 0.3911025375 0.625 0.38414960468750003 0.5791015625 0.3685055015625 0.5615234375 0.3754584359375 0.5224609375 0.3685055015625 0.5107421875 0.3789349015625 0.4775390625 0.3685055015625 0.474609375 0.3771966703125 0.4794921875 0.3858878359375 0.498046875 0.4015319359375 0.505859375 0.509302415625 0.5166015625 0.5284229828125 0.525390625 0.5266847484375 0.5234375 0.4988730125 0.5341796875 0.45889364375 0.5556640625 0.4554171765625 0.560546875 0.491920078125
0 0.5556640625 0.271164425 0.548828125 0.349384934375 0.552734375 0.37024373593750004 0.560546875 0.3737202 0.5849609375 0.365029034375 0.58984375 0.33895553125 0.580078125 0.29028499218750003 0.5556640625 0.271164425
0 0.61328125 0.1998968515625 0.61328125 0.22075565312499998 0.625 0.24856738906250003 0.6259765625 0.271164425 0.6357421875 0.260735025 0.6494140625 0.2815938265625 0.6552734375 0.2676879578125 0.658203125 0.283332059375 0.666015625 0.286808528125 0.66015625 0.23466152031249998 0.6474609375 0.20858802031249998 0.6240234375 0.1946821515625 0.61328125 0.1998968515625