0 0.8945312484375 0.63457605625 0.8876953125 0.6259306062500001 0.8701171875 0.64322150625 0.8447265625 0.6466796875 0.8193359375 0.6190142468750001 0.810546875 0.7383214625 0.798828125 0.79365234375 0.8125 0.9976849734375 0.833984375 0.9942267906250001 0.8447265625 0.9371668203124999 0.8515625 0.9458122703124999 0.853515625 0.9942267906250001 0.875 0.9976849734375 0.884765625 0.94927045 0.896484375 0.9458122703124999 0.896484375 0.9250631874999999 0.9101562484375 0.8973977468750001 0.916015625 0.8628159468750001 0.9023437515625 0.759070540625 0.892578125 0.7383214625 0.8945312484375 0.63457605625
0 0.5146484375 0.6363051468750001 0.4716796875 0.653596046875 0.4609375 0.6726160375 0.4570312484375 0.7141142 0.4658203125 0.733134190625 0.4921875 0.748696003125 0.486328125 0.7625287234375 0.4892578125 0.7780905328125 0.5029296875 0.7642578125 0.5244140625 0.774632353125 0.560546875 0.8213177859374999 0.552734375 0.8386086859375 0.5595703125 0.854170496875 0.5869140625 0.8472541359375001 0.5927734375 0.8334214140625 0.6064453125 0.8645450359375 0.6328125 0.8662741265625 0.642578125 0.8558995859375 0.6445312484375 0.8386086859375 0.619140625 0.8316923265625 0.609375 0.79365234375 0.609375 0.7141142 0.5771484375 0.6570542296874999 0.5458984375 0.6363051468750001 0.5146484375 0.6363051468750001
0 0.658203125 0.5515797328125001 0.6572265625 0.6120978859374999 0.6376953125 0.6155560640625 0.5908203125 0.58443244375 0.513671875 0.6242015171874999 0.5146484375 0.6363051468750001 0.5517578125 0.6363051468750001 0.5849609375 0.6639705874999999 0.6054687515625 0.6968232999999999 0.6132812484375 0.7314051 0.619140625 0.7314051 0.638671875 0.7002814796875 0.6435546875 0.6570542296874999 0.6630859375 0.653596046875 0.6796875 0.63457605625 0.6875 0.57578699375 0.6826171875 0.5187270234375 0.6728515625 0.522185203125 0.658203125 0.5515797328125001
0 0.451171875 0.7175723796875 0.451171875 0.6726160375 0.4091796875 0.6328469671875 0.3779296875 0.6501378671875 0.357421875 0.6864487593749999 0.349609375 0.7314051 0.3554687515625 0.7901941640625 0.3623046875 0.809214153125 0.3710937515625 0.8074850640625 0.3818359375 0.7815487125 0.4091796875 0.7780905328125 0.4267578125 0.7504250906250001 0.4443359375 0.7607996328125 0.4492187515625 0.748696003125 0.443359375 0.7314051 0.4570312484375 0.724488740625 0.451171875 0.7175723796875
0 0.2431640625 0.59134880625 0.224609375 0.6207433359375 0.220703125 0.651866959375 0.2080078125 0.677803309375 0.177734375 0.6829905796875 0.1904296875 0.6985523875 0.2333984375 0.68817785 0.2412109375 0.72275965 0.271484375 0.7279469203125 0.2626953125 0.7020105703125 0.2880859375 0.695094209375 0.2939453125 0.715843290625 0.3056640625 0.7193014703125 0.3037109375 0.6812614875 0.3408203125 0.677803309375 0.345703125 0.6207433359375 0.2431640625 0.59134880625
0 0.5966796875 0.463396140625 0.5810546875 0.5014361203125001 0.5673828125 0.5118106625000001 0.4873046875 0.515268840625 0.4619140625 0.532559740625 0.458984375 0.5688706359375 0.46875 0.59999425625 0.462890625 0.6207433359375 0.4765625 0.6242015171874999 0.5048828125 0.6224724265625 0.5771484375 0.5878906234375 0.583984375 0.5619542734375 0.5820312484375 0.5377470125 0.619140625 0.4754997703125 0.6171875 0.4651252296875 0.6123046875 0.45647977968750003 0.5966796875 0.463396140625
0 0.3720703125 0.463396140625 0.3671875 0.47204159062500006 0.375 0.523914290625 0.3984375 0.5688706359375 0.396484375 0.5827033562499999 0.40625 0.5861615359375 0.4052734375 0.601723346875 0.4150390625 0.601723346875 0.4208984375 0.5775160859375 0.4570312484375 0.6069106140625 0.4648437515625 0.59999425625 0.4570312484375 0.5377470125 0.4726562484375 0.523914290625 0.4658203125 0.5048943 0.4326171875 0.49106158281249995 0.4091796875 0.49451976249999996 0.3955078125 0.4668543203125 0.3720703125 0.463396140625
0 0.46875 0.506623390625 0.4765625 0.48241612968750003 0.4765625 0.4478343296875 0.4658203125 0.4218979765625 0.4521484375 0.4149816171875 0.4492187515625 0.43745978750000003 0.4570312484375 0.45820887031249996 0.4453125 0.49624885 0.46875 0.506623390625
0 0.4853515625 0.44956341718750004 0.4804687515625 0.45820887031249996 0.4794921875 0.4391888796875 0.478515625 0.4651252296875 0.490234375 0.489332490625 0.4882812484375 0.45820887031249996 0.4853515625 0.44956341718750004
0 0.447265625 0.4927906703125 0.4570312484375 0.47204159062500006 0.4541015625 0.44610523750000003 0.4101562484375 0.4858743125 0.447265625 0.4927906703125
0 0.365234375 0.468583409375 0.3671875 0.44437614999999997 0.3544921875 0.4288143375 0.3320312484375 0.4409179671875 0.365234375 0.468583409375
0 0.341796875 0.5273724734374999 0.3388671875 0.5429342828125 0.3544921875 0.5360179234375 0.376953125 0.5446633734375 0.365234375 0.5169979328125 0.365234375 0.4754997703125 0.3544921875 0.44610523750000003 0.3232421875 0.44956341718750004 0.3125 0.46166704999999997 0.326171875 0.49624885 0.328125 0.523914290625 0.341796875 0.5273724734374999
0 0.2929687515625 0.55849609375 0.3115234375 0.5463924640625 0.328125 0.5619542734375 0.3242187515625 0.4927906703125 0.310546875 0.47204159062500006 0.3046875 0.43054342968750003 0.2900390625 0.4115234375 0.2851562484375 0.42362706718750004 0.296875 0.45820887031249996 0.2890625 0.49624885 0.2929687515625 0.55849609375
0 0.2294921875 0.4737706796875 0.2021484375 0.5118106625000001 0.1679687515625 0.5031652125 0.201171875 0.548121553125 0.2138671875 0.59134880625 0.234375 0.59999425625 0.240234375 0.5930778937500001 0.236328125 0.5792451734374999 0.2529296875 0.5498506437499999 0.2646484375 0.5705997234375 0.2695312484375 0.565412453125 0.271484375 0.513539753125 0.2626953125 0.45993795937500004 0.2294921875 0.4737706796875
0 0.1630859375 0.5118106625000001 0.1689453125 0.5014361203125001 0.203125 0.5100815703125 0.2265625 0.4754997703125 0.1904296875 0.44610523750000003 0.1669921875 0.44956341718750004 0.1435546875 0.477228859375 0.107421875 0.4547506875 0.1201171875 0.48414522031249996 0.1494140625 0.49106158281249995 0.1630859375 0.5118106625000001
0 0.232421875 0.4547506875 0.2421875 0.47204159062500006 0.2587890625 0.4668543203125 0.267578125 0.4478343296875 0.2539062484375 0.4063361671875 0.2392578125 0.39077435625 0.236328125 0.4028779875 0.244140625 0.41325252656250006 0.234375 0.42708524687500005 0.232421875 0.4547506875