0 0.900390625 0.699652778125 0.900390625 0.6579861109375 0.87890625 0.5642361109375 0.8583984375 0.5416666671875 0.8427734375 0.5416666671875 0.8115234375 0.5763888890625 0.77734375 0.640625 0.76171875 0.706597221875 0.751953125 0.7239583328125 0.8056640625 0.7326388890625 0.853515625 0.800347221875 0.8583984375 0.7881944437499999 0.8681640625 0.7916666671875 0.890625 0.7517361109375 0.900390625 0.699652778125
0 0.861328125 0.8420138890625 0.837890625 0.7795138890625 0.8076171875 0.7361111109375 0.7412109375 0.7326388890625 0.6162109375 0.8229166671874999 0.6005859375 0.8125 0.587890625 0.8211805562500001 0.607421875 0.8697916671874999 0.6171875 0.921875 0.6298828125 0.940972221875 0.6494140625 0.9548611109375 0.6669921875 0.9305555562500001 0.681640625 0.9461805562500001 0.671875 0.9670138890625 0.6826171875 0.9791666671874999 0.6943359375 0.9756944437499999 0.7119140625 0.9444444437499999 0.7353515625 0.9513888890625 0.7451171875 0.9791666671874999 0.751953125 0.9774305562500001 0.8505859375 0.9479166671874999 0.865234375 0.925347221875 0.8671875 0.8663194437499999 0.861328125 0.8420138890625
0 0.60546875 0.737847221875 0.595703125 0.675347221875 0.5654296875 0.628472221875 0.5517578125 0.628472221875 0.5283203125 0.652777778125 0.501953125 0.7100694437499999 0.505859375 0.762152778125 0.529296875 0.8177083328125001 0.529296875 0.8454861109375 0.548828125 0.8489583328125001 0.5810546875 0.84375 0.603515625 0.762152778125 0.62890625 0.7517361109375 0.60546875 0.737847221875
0 0.5927734375 0.6423611109375 0.599609375 0.5954861109375 0.587890625 0.546875 0.59375 0.5295138890625 0.5810546875 0.5381944437499999 0.5556640625 0.53125 0.5107421875 0.49652777812500004 0.4814453125 0.4548611109375 0.4501953125 0.4513888890625 0.4130859375 0.5 0.4013671875 0.49652777812500004 0.38671875 0.515625 0.37890625 0.5399305562500001 0.37890625 0.605902778125 0.3740234375 0.6145833328125 0.3212890625 0.6111111109375 0.2705078125 0.5833333328125 0.2490234375 0.6006944437499999 0.236328125 0.6267361109375 0.2412109375 0.6493055562500001 0.4072265625 0.652777778125 0.4326171875 0.6666666671875 0.4619140625 0.6666666671875 0.4677734375 0.6805555562500001 0.4921875 0.6788194437499999 0.4970703125 0.6666666671875 0.5185546875 0.6666666671875 0.5517578125 0.628472221875 0.5927734375 0.6423611109375
0 0.4462890625 0.4513888890625 0.4755859375 0.4513888890625 0.48046875 0.4427083328125 0.4931640625 0.34375 0.4833984375 0.35069444375000003 0.486328125 0.36284722187499996 0.4716796875 0.38194444375000003 0.4306640625 0.3611111109375 0.4248046875 0.3854166671875 0.3466796875 0.37152777812500004 0.30859375 0.42534722187499996 0.29296875 0.512152778125 0.2724609375 0.534722221875 0.2490234375 0.527777778125 0.2421875 0.515625 0.24609375 0.4947916671875 0.2373046875 0.47222222187499996 0.2255859375 0.47222222187499996 0.216796875 0.49131944375 0.21875 0.5225694437499999 0.2451171875 0.565972221875 0.375 0.5642361109375 0.380859375 0.5295138890625 0.3955078125 0.5 0.4169921875 0.49305555625 0.4462890625 0.4513888890625
0 0.2412109375 0.47222222187499996 0.2490234375 0.5 0.2919921875 0.47569444375 0.314453125 0.4114583328125 0.34765625 0.36284722187499996 0.3134765625 0.3333333328125 0.2763671875 0.3263888890625 0.2294921875 0.3263888890625 0.2041015625 0.34722222187499996 0.16015625 0.41493055625 0.1484375 0.4947916671875 0.1484375 0.512152778125 0.1572265625 0.527777778125 0.19921875 0.5399305562500001 0.21484375 0.519097221875 0.21484375 0.4947916671875 0.2275390625 0.46875 0.2412109375 0.47222222187499996
0 0.5517578125 0.47222222187499996 0.5224609375 0.46527777812500004 0.505859375 0.4357638890625 0.5126953125 0.3298611109375 0.4892578125 0.33680555624999997 0.4658203125 0.31944444375000003 0.4482421875 0.3263888890625 0.4013671875 0.3125 0.3623046875 0.33680555624999997 0.353515625 0.35590277812500004 0.3720703125 0.37152777812500004 0.4130859375 0.38194444375000003 0.4248046875 0.38194444375000003 0.4306640625 0.36805555624999997 0.4755859375 0.37847222187499996 0.4873046875 0.3645833328125 0.48046875 0.44965277812500004 0.4951171875 0.47222222187499996 0.544921875 0.5017361109375 0.6376953125 0.49652777812500004 0.642578125 0.48090277812500004 0.6083984375 0.46180555625 0.5517578125 0.47222222187499996
0 0.4462890625 0.3229166671875 0.44921875 0.30381944375000003 0.4150390625 0.27430555624999997 0.3818359375 0.2708333328125 0.3154296875 0.23958333281250002 0.2783203125 0.246527778125 0.255859375 0.2760416671875 0.25390625 0.3177083328125 0.2607421875 0.3263888890625 0.3095703125 0.3298611109375 0.3515625 0.35590277812500004 0.3603515625 0.33680555624999997 0.3896484375 0.31597222187499996 0.4267578125 0.3125 0.4462890625 0.3229166671875
0 0.2861328125 0.07986111093750001 0.2431640625 0.121527778125 0.232421875 0.1510416671875 0.240234375 0.21354166718749998 0.2548828125 0.22569444375 0.2607421875 0.21875 0.26953125 0.237847221875 0.2880859375 0.1979166671875 0.33203125 0.16493055625 0.330078125 0.1302083328125 0.2861328125 0.07986111093750001
0 0.3115234375 0.23611111093749998 0.3642578125 0.2604166671875 0.37109375 0.22395833281250002 0.3564453125 0.23611111093749998 0.3271484375 0.19444444375 0.3037109375 0.1875 0.2880859375 0.20138888906250002 0.2529296875 0.27777777812500004 0.2197265625 0.28819444375000003 0.1923828125 0.2638888890625 0.17578125 0.203125 0.1689453125 0.1979166671875 0.1640625 0.230902778125 0.171875 0.265625 0.2060546875 0.3125 0.2265625 0.3177083328125 0.2490234375 0.30902777812500004 0.26171875 0.265625 0.2783203125 0.246527778125 0.3115234375 0.23611111093749998
0 0.166015625 0.19965277812499999 0.171875 0.1927083328125 0.1728515625 0.1354166671875 0.1533203125 0.1458333328125 0.1064453125 0.10069444375 0.068359375 0.1232638890625 0.060546875 0.24131944375 0.0712890625 0.28125 0.095703125 0.2829861109375 0.1376953125 0.2604166671875 0.1474609375 0.23263888906250002 0.1640625 0.22743055625 0.166015625 0.19965277812499999
0 0.46484375 0.21354166718749998 0.4404296875 0.17361111093749998 0.4130859375 0.14930555625 0.3818359375 0.14930555625 0.314453125 0.1822916671875 0.3525390625 0.22916666718749998 0.3701171875 0.21875 0.3671875 0.25868055624999997 0.3759765625 0.2673611109375 0.4130859375 0.2708333328125 0.4638671875 0.3020833328125 0.5625 0.30034722187499996 0.564453125 0.2795138890625 0.5458984375 0.2673611109375 0.4775390625 0.2708333328125 0.46484375 0.21354166718749998
0 0.7216796875 0.3576388890625 0.69921875 0.33159722187499996 0.69921875 0.27256944375000003 0.6875 0.22743055625 0.62109375 0.11631944375 0.5869140625 0.03819444375 0.5556640625 0.0173611109375 0.53515625 0.0260416671875 0.53515625 0.08854166718749999 0.541015625 0.11631944375 0.556640625 0.12673611093749998 0.564453125 0.21354166718749998 0.568359375 0.3107638890625 0.5595703125 0.34375 0.5908203125 0.33680555624999997 0.6005859375 0.2986111109375 0.6171875 0.3385416671875 0.609375 0.35243055624999997 0.6123046875 0.3611111109375 0.6474609375 0.37152777812500004 0.7001953125 0.36805555624999997 0.7734375 0.39409722187499996 0.7890625 0.3697916671875 0.7861328125 0.3645833328125 0.7626953125 0.37152777812500004 0.7216796875 0.3576388890625