0 0.1015625 0.6954186109375 0.095703125 0.631804434375 0.0908203125 0.6274671046875 0.0810546875 0.6419248734375 0.0615234375 0.636141765625 0.046875 0.663611525 0.046875 0.6809608453125 0.0546875 0.7069848249999999 0.0546875 0.7619243421874999 0.06640625 0.848670946875 0.0625 0.886261140625 0.078125 0.8833695890625 0.0830078125 0.83565895625 0.10546875 0.889152696875 0.09765625 0.9238513375 0.109375 0.9267428890625 0.1240234375 0.916622453125 0.1318359375 0.9021646859375 0.1376953125 0.91951400625 0.1435546875 0.9224055609375 0.1484375 0.915176675 0.14453125 0.776382109375 0.12890625 0.730117253125 0.1015625 0.6954186109375
0 0.466796875 0.8978273546875 0.47265625 0.880478034375 0.4765625 0.834213178125 0.4892578125 0.8269842953125 0.501953125 0.80529764375 0.501953125 0.790839878125 0.494140625 0.776382109375 0.4912109375 0.7546954578125 0.4755859375 0.7633701187499999 0.4697265625 0.7518039046875 0.4619140625 0.7546954578125 0.4443359375 0.7893941 0.4130859375 0.8038518671875 0.3896484375 0.8269842953125 0.375 0.8689118203125 0.373046875 0.9961401734375 0.3876953125 1 0.392578125 0.9816824078125 0.3994140625 0.9773450765625 0.4052734375 0.99758595 0.4375 0.9990317281250001 0.4482421875 0.9281886671875 0.45703125 0.955658425 0.458984375 0.9816824078125 0.4658203125 0.988911290625 0.4775390625 0.988911290625 0.482421875 0.9816824078125 0.46875 0.97011619375 0.466796875 0.8978273546875
0 0.7724609375 0.7199968171875 0.7431640625 0.7518039046875 0.7255859375 0.7518039046875 0.7216796875 0.7460207984375 0.716796875 0.7619243421874999 0.708984375 0.76770745 0.7099609375 0.78361099375 0.7373046875 0.8009603140625 0.7490234375 0.8240927421875 0.7587890625 0.8298758484375 0.8056640625 0.8269842953125 0.8291015625 0.83565895625 0.8486328125 0.8298758484375 0.873046875 0.834213178125 0.875 0.828430071875 0.869140625 0.8168638578125 0.875 0.8081891984375 0.87890625 0.75324968125 0.869140625 0.7243341453125 0.8544921875 0.708430603125 0.8037109375 0.6997559421874999 0.7724609375 0.7199968171875
0 0.681640625 0.6578284171875 0.6767578125 0.69108128125 0.6142578125 0.714213709375 0.6025390625 0.73156303125 0.5859375 0.7416834671875 0.583984375 0.787948321875 0.5888671875 0.7980687609375 0.6142578125 0.7951772078125 0.6181640625 0.81541808125 0.6279296875 0.81541808125 0.6337890625 0.8009603140625 0.6787109375 0.809634975 0.677734375 0.828430071875 0.66796875 0.8399962859375 0.66796875 0.848670946875 0.68359375 0.848670946875 0.6953125 0.8197554125 0.697265625 0.787948321875 0.7109375 0.744575021875 0.703125 0.7069848249999999 0.70703125 0.6578284171875 0.7001953125 0.6448164265624999 0.6923828125 0.6448164265624999 0.681640625 0.6578284171875
0 0.58203125 0.735900359375 0.583984375 0.6983101656249999 0.578125 0.6867439531249999 0.580078125 0.6722861828125 0.5341796875 0.6679488546875 0.525390625 0.678069290625 0.509765625 0.72144259375 0.509765625 0.787948321875 0.5341796875 0.83565895625 0.5498046875 0.83565895625 0.5693359375 0.858791384375 0.591796875 0.8602371609375 0.6123046875 0.8414420625 0.619140625 0.8197554125 0.6083984375 0.812526528125 0.6025390625 0.818309634375 0.58203125 0.8139723062499999 0.5859375 0.80529764375 0.5859375 0.7503581296874999 0.58203125 0.735900359375
0 0.4951171875 0.7546954578125 0.494140625 0.7705990015624999 0.5029296875 0.786502546875 0.5078125 0.776382109375 0.505859375 0.7474665734375 0.509765625 0.7185510390625 0.52734375 0.6722861828125 0.5068359375 0.662165746875 0.4638671875 0.6679488546875 0.3701171875 0.7199968171875 0.3447265625 0.7171052625 0.3212890625 0.6968643890624999 0.3134765625 0.6968643890624999 0.310546875 0.7098763796875 0.3310546875 0.740237690625 0.3466796875 0.7489123515625 0.3779296875 0.7489123515625 0.412109375 0.735900359375 0.375 0.796622984375 0.36328125 0.8457793921875 0.3671875 0.85734560625 0.3701171875 0.8472251703125 0.3759765625 0.8558998296875 0.3828125 0.8371047328125 0.4052734375 0.809634975 0.4443359375 0.786502546875 0.4658203125 0.7489123515625 0.4755859375 0.7604785656249999 0.4951171875 0.7546954578125
0 0.4072265625 0.6650573 0.3857421875 0.6650573 0.33984375 0.7040932734375 0.3447265625 0.7171052625 0.375 0.7156594875 0.427734375 0.678069290625 0.4072265625 0.6650573
0 0.3564453125 0.7518039046875 0.3369140625 0.7460207984375 0.3154296875 0.7286714765625 0.296875 0.7561412359374999 0.2890625 0.8168638578125 0.27734375 0.8515624984375 0.2587890625 0.8761407046875 0.2333984375 0.8761407046875 0.2265625 0.886261140625 0.2412109375 0.9021646859375 0.2646484375 0.9021646859375 0.2822265625 0.88770691875 0.3037109375 0.8501167234375 0.302734375 0.90939356875 0.3076171875 0.916622453125 0.3203125 0.9122851234375 0.31640625 0.880478034375 0.3232421875 0.870357596875 0.337890625 0.9238513375 0.35546875 0.9296344453125001 0.361328125 0.9209597828125 0.349609375 0.9065020171875 0.345703125 0.886261140625 0.361328125 0.8602371609375 0.36328125 0.8371047328125 0.376953125 0.787948321875 0.408203125 0.738791915625 0.3564453125 0.7518039046875
0 0.29296875 0.72144259375 0.2626953125 0.7373461375 0.25 0.7648158953124999 0.240234375 0.8139723062499999 0.240234375 0.8457793921875 0.24609375 0.871803375 0.2578125 0.8746949265625 0.275390625 0.8544540546875 0.28515625 0.8313216265625 0.294921875 0.7619243421874999 0.302734375 0.7416834671875 0.31640625 0.7243341453125 0.3056640625 0.6997559421874999 0.2900390625 0.6968643890624999 0.29296875 0.72144259375
0 0.45703125 0.6665030765625 0.458984375 0.6491537562499999 0.4501953125 0.6332502125 0.4404296875 0.6274671046875 0.4248046875 0.6332502125 0.4130859375 0.6216839984375 0.3974609375 0.630358659375 0.3583984375 0.6274671046875 0.3427734375 0.6332502125 0.31640625 0.6665030765625 0.30859375 0.6896355046875 0.3359375 0.7012017187499999 0.3388671875 0.69108128125 0.3486328125 0.69108128125 0.3818359375 0.6650573 0.3935546875 0.662165746875 0.4111328125 0.6650573 0.4306640625 0.6795150671875 0.4443359375 0.6795150671875 0.45703125 0.6665030765625
0 0.458984375 0.6057804546875001 0.455078125 0.66939463125 0.4609375 0.66939463125 0.490234375 0.6578284171875 0.474609375 0.640479096875 0.47265625 0.6028889000000001 0.4609375 0.573973365625 0.4609375 0.5624071515625 0.4560546875 0.560961375 0.451171875 0.5710818125 0.458984375 0.6057804546875001
0 0.5966796875 0.6216839984375 0.5595703125 0.6043346781250001 0.5341796875 0.6043346781250001 0.5126953125 0.6245755515625 0.48046875 0.631804434375 0.48046875 0.640479096875 0.4931640625 0.662165746875 0.5126953125 0.662165746875 0.5283203125 0.6708404078125 0.5498046875 0.6650573 0.5810546875 0.6708404078125 0.580078125 0.6896355046875 0.5859375 0.7185510390625 0.599609375 0.72144259375 0.61328125 0.7098763796875 0.62109375 0.683852396875 0.6484375 0.6375875421874999 0.6484375 0.626021328125 0.6396484375 0.6101177843750001 0.6259765625 0.6043346781250001 0.6142578125 0.6448164265624999 0.5966796875 0.6216839984375
0 0.6005859375 0.5522867140625001 0.5908203125 0.5725275890625 0.5634765625 0.55517826875 0.5283203125 0.560961375 0.48828125 0.61734666875 0.4892578125 0.630358659375 0.498046875 0.6289128828125 0.5126953125 0.6245755515625 0.5341796875 0.6043346781250001 0.5595703125 0.6043346781250001 0.5751953125 0.6130093375000001 0.5927734375 0.6072262312500001 0.609375 0.5855395796875 0.61328125 0.5595156 0.6005859375 0.5522867140625001
0 0.61328125 0.4351787984375 0.6142578125 0.4424076828125 0.6337890625 0.4395161296875 0.65234375 0.40915481875 0.6533203125 0.38457661249999997 0.6728515625 0.38457661249999997 0.67578125 0.423612584375 0.6806640625 0.433733021875 0.6865234375 0.433733021875 0.689453125 0.377347728125 0.677734375 0.3426490859375 0.677734375 0.30505889375 0.7001953125 0.30361311562500004 0.7294921875 0.2862637953125 0.7421875 0.2703602515625 0.744140625 0.2559024828125 0.7373046875 0.251565153125 0.7041015625 0.277589134375 0.6826171875 0.277589134375 0.6416015625 0.2602398125 0.6064453125 0.2689144734375 0.5771484375 0.2862637953125 0.5458984375 0.3122877765625 0.5283203125 0.3383117578125 0.5029296875 0.361444184375 0.486328125 0.36867307031249996 0.490234375 0.377347728125 0.48828125 0.4062632625 0.4951171875 0.427949915625 0.5068359375 0.43084146875 0.5341796875 0.407709040625 0.5439453125 0.407709040625 0.556640625 0.4554196734375 0.568359375 0.46120278125 0.5712890625 0.4510823421875 0.58984375 0.438070353125 0.599609375 0.391805496875 0.6083984375 0.38457661249999997 0.6162109375 0.38457661249999997 0.6328125 0.4062632625 0.6328125 0.414937925 0.61328125 0.4351787984375