0 0 0.8134612234375 0.00390625 0.8134612234375 0.01171875 0.80173565625 0.009765625 0.79294148125 0.017578125 0.769490346875 0.025390625 0.7606961703125 0.0234375 0.7401764296875 0.0068359375 0.726985165625 0 0.7284508625 0 0.8134612234375
0 0.111328125 0.655166065625 0.1025390625 0.641974803125 0.0966796875 0.641974803125 0.0810546875 0.6683573296875001 0.0693359375 0.6742201140625 0.052734375 0.7137939015625 0.052734375 0.7313822531249999 0.0595703125 0.7475049078125 0.087890625 0.7460392125 0.1083984375 0.741642125 0.115234375 0.7313822531249999 0.1123046875 0.7152595984375 0.1025390625 0.7299165578125 0.09375 0.7284508625 0.10546875 0.6786171999999999 0.111328125 0.6698230265625 0.111328125 0.655166065625
0 0.283203125 0.8046670484374999 0.2822265625 0.7797502187500001 0.2724609375 0.78854439375 0.2490234375 0.7856130015625 0.2177734375 0.8207897031250001 0.1689453125 0.829583878125 0.150390625 0.8515693171875001 0.134765625 0.8838146265625 0.123046875 0.9307168953125 0.123046875 0.957099421875 0.1337890625 0.999604603125 0.212890625 0.9981389078125 0.248046875 0.986413340625 0.236328125 0.9658935968750001 0.232421875 0.9307168953125 0.26171875 0.892608803125 0.26953125 0.863294884375 0.287109375 0.83984375 0.2890625 0.8222554000000001 0.283203125 0.8046670484374999
0 0.2412109375 0.6830142890625 0.224609375 0.7196566859375 0.21875 0.7841473046874999 0.2421875 0.79294148125 0.2470703125 0.7856130015625 0.275390625 0.7841473046874999 0.271484375 0.7548333875 0.279296875 0.7167252953125 0.279296875 0.684479984375 0.2724609375 0.6742201140625 0.2607421875 0.671288721875 0.2412109375 0.6830142890625
0 0.197265625 0.7196566859375 0.22265625 0.722588078125 0.2333984375 0.6918084640625 0.259765625 0.6698230265625 0.2548828125 0.624386453125 0.2333984375 0.624386453125 0.232421875 0.637577715625 0.2216796875 0.6449061953124999 0.201171875 0.684479984375 0.197265625 0.7196566859375
0 0.4384765625 0.7768188265625 0.4306640625 0.7709560421874999 0.4189453125 0.7914757859375 0.4013671875 0.7709560421874999 0.3779296875 0.7621618671875 0.36328125 0.7753531312499999 0.357421875 0.795872871875 0.361328125 0.9219227203125 0.3662109375 0.9292512 0.375 0.9248541109374999 0.37109375 0.8838146265625 0.3798828125 0.8735547562500001 0.3828125 0.9336482875 0.3876953125 0.938045375 0.39453125 0.9336482875 0.390625 0.9043343703125 0.3955078125 0.89114310625 0.40234375 0.9043343703125 0.408203125 0.9717563796875 0.419921875 0.9717563796875 0.4248046875 0.961496509375 0.435546875 0.9600308125 0.427734375 0.9453738546875 0.4296875 0.8984715859374999 0.46484375 0.816392615625 0.4580078125 0.7592304750000001 0.4482421875 0.773887434375 0.4384765625 0.7768188265625
0 0.439453125 0.9160599375 0.4404296875 0.9351139828124999 0.4482421875 0.9351139828124999 0.4541015625 0.9263198078125001 0.4658203125 0.9351139828124999 0.474609375 0.9336482875 0.49609375 0.9101971531249999 0.5 0.8574321015624999 0.484375 0.8134612234375 0.4658203125 0.7944071765625 0.462890625 0.8281181828124999 0.44140625 0.86915766875 0.431640625 0.9014029765625 0.439453125 0.9160599375
0 0.431640625 0.7460392125 0.4775390625 0.7387107328125 0.478515625 0.69913694375 0.4677734375 0.6830142890625 0.4560546875 0.6771515046875 0.4130859375 0.6830142890625 0.41015625 0.7108625109375 0.421875 0.7401764296875 0.431640625 0.7460392125
0 0.3232421875 0.6595631546875 0.3271484375 0.671288721875 0.3388671875 0.662494546875 0.3505859375 0.6742201140625 0.357421875 0.6727544171875001 0.357421875 0.658097459375 0.369140625 0.6434404984375 0.369140625 0.628783540625 0.3486328125 0.60972949375 0.3251953125 0.60972949375 0.322265625 0.6493032828125 0.31640625 0.6639602421874999 0.3232421875 0.6595631546875
0 0.28125 0.6434404984375 0.2861328125 0.6507689796875 0.296875 0.6493032828125 0.3115234375 0.6478375875 0.322265625 0.637577715625 0.322265625 0.6141265812500001 0.328125 0.608263796875 0.3251953125 0.6009353187500001 0.3076171875 0.5980039265625 0.28125 0.6229207578125 0.28125 0.6434404984375
0 0.388671875 0.5760184890625 0.431640625 0.5760184890625 0.4296875 0.5584301375 0.4462890625 0.5569644421875 0.451171875 0.5525673546875 0.4501953125 0.545238875 0.4384765625 0.548170265625 0.4130859375 0.539376090625 0.3935546875 0.5540330499999999 0.388671875 0.5760184890625
0 0.484375 0.6199893640624999 0.4580078125 0.61852366875 0.447265625 0.6405091078125 0.44921875 0.66102885 0.478515625 0.6668916328125001 0.486328125 0.6405091078125 0.484375 0.6199893640624999
0 0.6357421875 0.7914757859375 0.6123046875 0.7914757859375 0.5869140625 0.8061327437499999 0.5771484375 0.7973385687500001 0.5615234375 0.7973385687500001 0.54296875 0.8222554000000001 0.533203125 0.8545007078125 0.5390625 0.918991328125 0.5458984375 0.9321825921875 0.5712890625 0.9409767671875 0.5869140625 0.938045375 0.5986328125 0.9585651171875 0.61328125 0.9600308125 0.619140625 0.9483052453124999 0.611328125 0.9336482875 0.61328125 0.9014029765625 0.62890625 0.863294884375 0.6396484375 0.8588977968749999 0.646484375 0.8427751406249999 0.642578125 0.7988042656250001 0.6357421875 0.7914757859375
0 0.537109375 0.8427751406249999 0.5556640625 0.803201353125 0.5654296875 0.7973385687500001 0.5849609375 0.8061327437499999 0.58984375 0.80173565625 0.5654296875 0.782681609375 0.5537109375 0.78854439375 0.53515625 0.816392615625 0.537109375 0.8427751406249999
0 0.6005859375 0.8002699609375 0.6103515625 0.7914757859375 0.6435546875 0.78854439375 0.646484375 0.8105298328125 0.650390625 0.8105298328125 0.65625 0.7782845218750001 0.654296875 0.7372450359375 0.6396484375 0.7387107328125 0.6279296875 0.7240537734375 0.6083984375 0.7299165578125 0.591796875 0.7636275640625 0.591796875 0.795872871875 0.6005859375 0.8002699609375
0 0.7216796875 0.7680246515625 0.7060546875 0.7533676921875 0.6943359375 0.7533676921875 0.669921875 0.7841473046874999 0.66796875 0.8310495734375 0.6923828125 0.8413094453125 0.6982421875 0.8559664046875 0.705078125 0.8545007078125 0.7099609375 0.8442408374999999 0.7158203125 0.8530350125 0.724609375 0.8515693171875001 0.72265625 0.83984375 0.734375 0.8193240062499999 0.73828125 0.7812159140625 0.7314453125 0.7680246515625 0.7216796875 0.7680246515625
0 0.7119140625 0.7006026390625 0.697265625 0.7343136453125 0.69921875 0.751901996875 0.7333984375 0.7680246515625 0.7392578125 0.7768188265625 0.75390625 0.7753531312499999 0.759765625 0.748970603125 0.767578125 0.7372450359375 0.765625 0.722588078125 0.755859375 0.704999728125 0.7509765625 0.6976712484375 0.7412109375 0.7064654234375001 0.7294921875 0.69473985625 0.7119140625 0.7006026390625
0 0.779296875 0.704999728125 0.77734375 0.722588078125 0.806640625 0.7255194687500001 0.822265625 0.7196566859375 0.81640625 0.6786171999999999 0.8037109375 0.662494546875 0.7919921875 0.662494546875 0.7861328125 0.6507689796875 0.7705078125 0.6507689796875 0.76953125 0.6786171999999999 0.779296875 0.704999728125
0 0.8671875 0.6786171999999999 0.875 0.675685809375 0.876953125 0.6493032828125 0.8642578125 0.624386453125 0.8544921875 0.624386453125 0.841796875 0.6463718921875 0.84375 0.6727544171875001 0.8466796875 0.680082896875 0.8671875 0.6786171999999999
0 0.880859375 0.637577715625 0.8701171875 0.6214550609375 0.84765625 0.6199893640624999 0.8486328125 0.633180628125 0.8623046875 0.624386453125 0.876953125 0.658097459375 0.880859375 0.658097459375 0.880859375 0.637577715625
0 0.888671875 0.58774405625 0.8818359375 0.577484184375 0.8740234375 0.577484184375 0.865234375 0.590675446875 0.865234375 0.60533240625 0.8720703125 0.6214550609375 0.884765625 0.6199893640624999 0.888671875 0.58774405625
0 1 0.722588078125 0.9794921875 0.6976712484375 0.9619140625 0.7006026390625 0.9453125 0.7343136453125 0.951171875 0.7753531312499999 0.9619140625 0.7944071765625 0.99609375 0.79294148125 1 0.7900100890624999 1 0.722588078125
0 0.7763671875 0.6449061953124999 0.7900390625 0.6537003703125001 0.818359375 0.652234675 0.8203125 0.628783540625 0.8115234375 0.6155922781250001 0.8017578125 0.60972949375 0.7841796875 0.6155922781250001 0.7783203125 0.6067981015624999 0.76953125 0.6111951906249999 0.767578125 0.628783540625 0.7763671875 0.6449061953124999
0 0.8095703125 0.5892097515625 0.7998046875 0.5892097515625 0.791015625 0.5994696234375 0.7919921875 0.6126608859375 0.8125 0.6141265812500001 0.814453125 0.5965382296875 0.8095703125 0.5892097515625
0 0.6845703125 0.61852366875 0.673828125 0.6405091078125 0.671875 0.658097459375 0.65625 0.6668916328125001 0.6591796875 0.6771515046875 0.6669921875 0.6771515046875 0.6845703125 0.6595631546875 0.6923828125 0.680082896875 0.7041015625 0.6830142890625 0.701171875 0.6639602421874999 0.7119140625 0.6537003703125001 0.7236328125 0.6537003703125001 0.724609375 0.6786171999999999 0.732421875 0.68154859375 0.732421875 0.655166065625 0.744140625 0.63171493125 0.751953125 0.5994696234375 0.751953125 0.590675446875 0.7431640625 0.5804155765625 0.7177734375 0.6067981015624999 0.7021484375 0.6067981015624999 0.6845703125 0.61852366875
0 0.744140625 0.6229207578125 0.744140625 0.6346463250000001 0.751953125 0.6346463250000001 0.755859375 0.63171493125 0.7529296875 0.6067981015624999 0.744140625 0.6229207578125
0 0.662109375 0.6258521484374999 0.666015625 0.628783540625 0.7177734375 0.6067981015624999 0.73046875 0.590675446875 0.7255859375 0.5833469671875 0.7119140625 0.586278359375 0.6865234375 0.5745527921875 0.67578125 0.58774405625 0.669921875 0.6199893640624999 0.662109375 0.6258521484374999
0 0.6005859375 0.6595631546875 0.640625 0.66102885 0.650390625 0.658097459375 0.66015625 0.6258521484374999 0.6513671875 0.6067981015624999 0.6416015625 0.6126608859375 0.6201171875 0.6067981015624999 0.6015625 0.6258521484374999 0.59765625 0.6405091078125 0.6005859375 0.6595631546875
0 0.6640625 0.58774405625 0.6591796875 0.577484184375 0.623046875 0.590675446875 0.623046875 0.6024010140625 0.6357421875 0.6126608859375 0.6513671875 0.6067981015624999 0.66015625 0.6170579734375 0.6640625 0.58774405625
0 0.58203125 0.63171493125 0.58984375 0.63171493125 0.603515625 0.6229207578125 0.6015625 0.608263796875 0.609375 0.581881271875 0.6025390625 0.5745527921875 0.5849609375 0.577484184375 0.576171875 0.58774405625 0.57421875 0.5965382296875 0.58203125 0.63171493125
0 0.6015625 0.5701557046875 0.599609375 0.5525673546875 0.5927734375 0.545238875 0.5771484375 0.545238875 0.564453125 0.5584301375 0.5693359375 0.577484184375 0.59375 0.5789498796875 0.6015625 0.5701557046875
0 0.546875 0.6199893640624999 0.5625 0.6141265812500001 0.560546875 0.581881271875 0.5439453125 0.568690009375 0.5283203125 0.568690009375 0.525390625 0.5789498796875 0.537109375 0.60533240625 0.53515625 0.6170579734375 0.546875 0.6199893640624999
0 0.595703125 0.4822139515625 0.599609375 0.4587628171875 0.5908203125 0.4572971203125 0.587890625 0.470488384375 0.595703125 0.4822139515625
0 0.544921875 0.4851453421875 0.546875 0.4616942078125 0.5400390625 0.4572971203125 0.537109375 0.473419775 0.544921875 0.4851453421875
0 0.55078125 0.44703725 0.5556640625 0.4572971203125 0.5625 0.45583142343749994 0.56640625 0.44410585625000004 0.5634765625 0.4397087703125 0.55078125 0.44703725