0 0.546875 0.17578125 0.5205078125 0.1328125 0.4814453125 0.1223958328125 0.466796875 0.1393229171875 0.4609375 0.1627604171875 0.478515625 0.1888020828125 0.5048828125 0.171875 0.5361328125 0.1744791671875 0.5458984375 0.1848958328125 0.546875 0.17578125
0 0.5380859375 0.1770833328125 0.5048828125 0.171875 0.478515625 0.19140625 0.5322265625 0.21875 0.54296875 0.23307291718749998 0.544921875 0.2513020828125 0.556640625 0.25390625 0.5703125 0.23567708281250002 0.576171875 0.21223958281250002 0.5615234375 0.20833333281250002 0.5380859375 0.1770833328125
0 0.4814453125 0.1979166671875 0.4697265625 0.1848958328125 0.4521484375 0.1848958328125 0.4306640625 0.20572916718749998 0.3955078125 0.20052083281250002 0.390625 0.20703125 0.4072265625 0.2265625 0.4619140625 0.2578125 0.4970703125 0.2682291671875 0.53515625 0.2669270828125 0.54296875 0.25390625 0.54296875 0.23567708281250002 0.5322265625 0.21875 0.4814453125 0.1979166671875
0 0.5654296875 0.24479166718749998 0.54296875 0.26953125 0.54296875 0.30078125 0.5380859375 0.3046875 0.5107421875 0.3098958328125 0.4990234375 0.2942708328125 0.49609375 0.2981770828125 0.5087890625 0.3229166671875 0.56640625 0.3216145828125 0.611328125 0.2955729171875 0.615234375 0.2591145828125 0.6044921875 0.23958333281250002 0.5654296875 0.24479166718749998
0 0.3740234375 0.3255208328125 0.3779296875 0.3072916671875 0.376953125 0.3346354171875 0.38671875 0.33203125 0.396484375 0.24348958281250002 0.396484375 0.22526041718749998 0.3876953125 0.21354166718749998 0.3662109375 0.20833333281250002 0.3330078125 0.25 0.302734375 0.26953125 0.302734375 0.3033854171875 0.32421875 0.3294270828125 0.330078125 0.3841145828125 0.33984375 0.38671875 0.3603515625 0.3046875 0.369140625 0.3033854171875 0.3623046875 0.328125 0.3740234375 0.3255208328125
0 0.4365234375 0.3515625 0.40234375 0.3502604171875 0.4052734375 0.359375 0.4228515625 0.3671875 0.4599609375 0.3541666671875 0.4716796875 0.4088541671875 0.48046875 0.40234375 0.4814453125 0.3880208328125 0.498046875 0.41015625 0.5029296875 0.4296875 0.5205078125 0.4244791671875 0.5380859375 0.4479166671875 0.560546875 0.4544270828125 0.54296875 0.3580729171875 0.4931640625 0.3151041671875 0.4736328125 0.3177083328125 0.4365234375 0.3515625
0 0.6962890625 0.4036458328125 0.7392578125 0.4036458328125 0.73828125 0.3502604171875 0.7177734375 0.3619791671875 0.6689453125 0.3359375 0.6201171875 0.3489583328125 0.6005859375 0.375 0.5810546875 0.3619791671875 0.5625 0.3736979171875 0.5625 0.3893229171875 0.5693359375 0.3984375 0.59375 0.4075520828125 0.60546875 0.3736979171875 0.6181640625 0.3645833328125 0.6474609375 0.3723958328125 0.6962890625 0.4036458328125
0 0.744140625 0.4309895828125 0.6357421875 0.3671875 0.6123046875 0.3671875 0.6015625 0.3815104171875 0.595703125 0.4075520828125 0.6015625 0.4440104171875 0.59765625 0.48046875 0.6083984375 0.484375 0.6162109375 0.4583333328125 0.62890625 0.4700520828125 0.6376953125 0.4973958328125 0.646484375 0.49609375 0.6435546875 0.4765625 0.6708984375 0.4765625 0.677734375 0.5221354171875 0.6953125 0.52734375 0.69921875 0.51953125 0.693359375 0.4856770828125 0.7333984375 0.4635416671875 0.744140625 0.4309895828125
0 0.5830078125 0.5286458328125 0.591796875 0.5091145828125 0.595703125 0.46484375 0.5791015625 0.46875 0.5478515625 0.4557291671875 0.5224609375 0.4270833328125 0.5107421875 0.4270833328125 0.5029296875 0.4348958328125 0.4404296875 0.4348958328125 0.4072265625 0.4791666671875 0.3916015625 0.4869791671875 0.3740234375 0.4869791671875 0.3515625 0.47265625 0.3515625 0.4830729171875 0.3720703125 0.5026041671875 0.3935546875 0.5026041671875 0.4208984375 0.4895833328125 0.4365234375 0.5234375 0.4609375 0.5299479171875 0.5048828125 0.5208333328125 0.5166015625 0.5052083328125 0.5498046875 0.5052083328125 0.5830078125 0.5286458328125
0 0.439453125 0.5455729171875 0.4013671875 0.5416666671875 0.3857421875 0.53125 0.3564453125 0.4921875 0.3212890625 0.46875 0.2880859375 0.46875 0.2470703125 0.5130208328125 0.2314453125 0.5104166671875 0.224609375 0.4830729171875 0.21484375 0.4830729171875 0.21484375 0.50390625 0.2275390625 0.5260416671875 0.2451171875 0.53125 0.2685546875 0.5208333328125 0.287109375 0.54296875 0.3056640625 0.59375 0.3154296875 0.59375 0.3251953125 0.578125 0.3388671875 0.578125 0.3515625 0.61328125 0.365234375 0.6158854171875 0.3779296875 0.5963541671875 0.4130859375 0.6067708328125 0.4365234375 0.59375 0.439453125 0.5455729171875
0 0.6083984375 0.6770833328125 0.6376953125 0.71875 0.6689453125 0.7395833328125 0.6962890625 0.734375 0.70703125 0.7122395828125 0.6962890625 0.7057291671875 0.6806640625 0.71875 0.6611328125 0.7083333328125 0.6083984375 0.6276041671875 0.5947265625 0.6119791671875 0.5712890625 0.6015625 0.4580078125 0.5911458328125 0.4267578125 0.5989583328125 0.40625 0.61328125 0.40625 0.6471354171875 0.4228515625 0.671875 0.447265625 0.67578125 0.4541015625 0.7161458328125 0.4794921875 0.7083333328125 0.5341796875 0.7213541671875 0.53515625 0.73046875 0.564453125 0.76171875 0.560546875 0.77734375 0.578125 0.7825520828125 0.599609375 0.7408854171875 0.6015625 0.72265625 0.591796875 0.7018229171875 0.6083984375 0.6770833328125