0 0.2734375 0.73828125 0.275390625 0.7018229171875 0.259765625 0.6471354171875 0.2275390625 0.5989583328125 0.1953125 0.57421875 0.1875 0.5455729171875 0.173828125 0.53515625 0.1689453125 0.5182291671875 0.1220703125 0.4791666671875 0.09765625 0.53515625 0.1015625 0.5559895828125 0.1171875 0.56640625 0.115234375 0.6080729171875 0.1328125 0.6809895828125 0.130859375 0.7200520828125 0.1171875 0.7330729171875 0.115234375 0.7434895828125 0.1357421875 0.75 0.1513671875 0.7239583328125 0.15234375 0.7434895828125 0.1787109375 0.7630208328125 0.1923828125 0.765625 0.2099609375 0.78125 0.24609375 0.7825520828125 0.2744140625 0.7734375 0.28125 0.7643229171875 0.28125 0.7513020828125 0.2734375 0.73828125
0 0.1728515625 0.4973958328125 0.181640625 0.48046875 0.185546875 0.44140625 0.1630859375 0.3932291671875 0.119140625 0.37109375 0.10546875 0.32421875 0.1005859375 0.3229166671875 0.0947265625 0.3359375 0.076171875 0.3502604171875 0.07421875 0.3658854171875 0.091796875 0.38671875 0.08984375 0.4205729171875 0.103515625 0.4466145828125 0.095703125 0.46484375 0.095703125 0.4986979171875 0.10546875 0.50390625 0.115234375 0.49609375 0.1240234375 0.4713541671875 0.1435546875 0.4973958328125 0.1728515625 0.4973958328125
0 0.591796875 0.6315104171875 0.59375 0.6028645828125 0.587890625 0.5611979171875 0.580078125 0.54296875 0.5654296875 0.5286458328125 0.5380859375 0.5182291671875 0.5068359375 0.4661458328125 0.4990234375 0.46875 0.4853515625 0.4583333328125 0.4765625 0.5091145828125 0.490234375 0.5221354171875 0.48828125 0.55078125 0.505859375 0.59765625 0.50390625 0.6315104171875 0.494140625 0.6393229171875 0.494140625 0.6471354171875 0.5205078125 0.6484375 0.5244140625 0.65625 0.5595703125 0.6666666671875 0.61328125 0.6731770828125 0.6884765625 0.671875 0.693359375 0.66015625 0.5986328125 0.6510416671875 0.591796875 0.6315104171875
0 0.55859375 0.43359375 0.5341796875 0.3723958328125 0.5263671875 0.3828125 0.5166015625 0.3802083328125 0.50390625 0.3971354171875 0.5 0.4153645828125 0.509765625 0.4309895828125 0.51171875 0.4700520828125 0.51953125 0.4908854171875 0.5400390625 0.5182291671875 0.5732421875 0.5338541671875 0.591796875 0.5611979171875 0.603515625 0.5247395828125 0.595703125 0.4700520828125 0.5771484375 0.4427083328125 0.55859375 0.43359375
0 0.39453125 0.23307291718749998 0.3818359375 0.20572916718749998 0.3701171875 0.20052083281250002 0.359375 0.20963541718749998 0.357421875 0.22786458281250002 0.365234375 0.27734375 0.361328125 0.32421875 0.375 0.3268229171875 0.4111328125 0.3203125 0.419921875 0.2877604171875 0.412109375 0.24869791718749998 0.39453125 0.23307291718749998
0 0.4384765625 0.20572916718749998 0.4375 0.22526041718749998 0.451171875 0.25390625 0.4560546875 0.2604166671875 0.474609375 0.2591145828125 0.498046875 0.25390625 0.49609375 0.22005208281250002 0.4833984375 0.20833333281250002 0.4384765625 0.20572916718749998
0 0.5810546875 0.2994791671875 0.5693359375 0.2838541671875 0.55078125 0.2877604171875 0.548828125 0.3111979171875 0.572265625 0.34765625 0.5625 0.3684895828125 0.5673828125 0.375 0.623046875 0.37890625 0.630859375 0.3580729171875 0.630859375 0.3372395828125 0.6142578125 0.3046875 0.5810546875 0.2994791671875
0 0.5732421875 0.21875 0.56640625 0.23046875 0.564453125 0.2513020828125 0.572265625 0.2565104171875 0.578125 0.2955729171875 0.6103515625 0.3020833328125 0.6328125 0.3346354171875 0.630859375 0.2799479171875 0.6083984375 0.2604166671875 0.5849609375 0.22135416718749998 0.5732421875 0.21875
0 0.5986328125 0.21614583281250002 0.5927734375 0.21614583281250002 0.591796875 0.23046875 0.603515625 0.25390625 0.62890625 0.2747395828125 0.63671875 0.3294270828125 0.6484375 0.3294270828125 0.6484375 0.26953125 0.6357421875 0.2526041671875 0.6201171875 0.24739583281250002 0.5986328125 0.21614583281250002
0 0.5595703125 0.1848958328125 0.5478515625 0.1848958328125 0.537109375 0.20703125 0.54296875 0.21484375 0.548828125 0.2825520828125 0.57421875 0.28515625 0.572265625 0.2591145828125 0.564453125 0.2513020828125 0.5703125 0.21223958281250002 0.5595703125 0.1848958328125
0 0.6923828125 0.2526041671875 0.67578125 0.2721354171875 0.68359375 0.28515625 0.6865234375 0.3255208328125 0.7421875 0.3268229171875 0.7509765625 0.2838541671875 0.7236328125 0.265625 0.7060546875 0.2708333328125 0.6923828125 0.2526041671875
0 0.916015625 0.4049479171875 0.900390625 0.38671875 0.90234375 0.35546875 0.8876953125 0.359375 0.8740234375 0.3515625 0.869140625 0.37890625 0.869140625 0.4830729171875 0.888671875 0.4856770828125 0.8935546875 0.4765625 0.9208984375 0.4739583328125 0.92578125 0.4466145828125 0.916015625 0.4049479171875