0 0.0009765625 0.44886420156250006 0 0.54636339375 0.005859375 0.54636339375 0.017578125 0.5316465328125 0.01953125 0.491175171875 0.013671875 0.469099884375 0.0009765625 0.44886420156250006
0 0.013671875 0.6457021921874999 0.013671875 0.6273061171875 0.0078125 0.6015516140625 0.0009765625 0.592353578125 0 0.7045696296874999 0.01171875 0.7192864875 0.013671875 0.7487202046875 0.0234375 0.7487202046875 0.025390625 0.734003346875 0.01953125 0.7045696296874999 0.01953125 0.6751359109374999 0.013671875 0.6457021921874999
0 0.1689453125 0.9970672015625001 0.16796875 0.9473978031250001 0.1611328125 0.9308413359375001 0.1513671875 0.9271621203124999 0.146484375 0.936360159375 0.1484375 0.965793878125 0.1318359375 0.9749919140625 0.12890625 0.9694730921874999 0.12890625 0.9290017296874999 0.12109375 0.8774927234375 0.1064453125 0.8535778265625 0.0849609375 0.83886096875 0.0654296875 0.8425401812500001 0.0517578125 0.857257040625 0.04296875 0.87013429375 0.0185546875 0.9308413359375001 0.0126953125 0.9345205515625 0 0.9290017296874999 0.0009765625 1 0.123046875 0.9989068109374999 0.1318359375 0.9970672015625001 0.1337890625 0.9897087718750001 0.1376953125 0.9970672015625001 0.1689453125 0.9970672015625001
0 0.271484375 0.89220958125 0.287109375 0.866455078125 0.291015625 0.8480590046875 0.2890625 0.774474709375 0.29296875 0.7560786359375 0.28515625 0.7560786359375 0.279296875 0.7229657015625001 0.2578125 0.6604190515624999 0.26171875 0.542684178125 0.251953125 0.502212815625 0.248046875 0.469099884375 0.236328125 0.43598695000000004 0.236328125 0.42127009062500004 0.2333984375 0.41207205468749997 0.2275390625 0.41207205468749997 0.22265625 0.4286285203125 0.22265625 0.44702459375 0.234375 0.49853360156250004 0.232421875 0.6015516140625 0.2109375 0.7119280578125 0.205078125 0.785512353125 0.212890625 0.8259837156250001 0.212890625 0.8738135078125 0.2197265625 0.8830115453125 0.2255859375 0.8793323296875 0.228515625 0.8885303656250001 0.240234375 0.98418995 0.2451171875 0.9970672015625001 0.26171875 0.9989068109374999 0.265625 0.99154838125 0.26171875 0.9510770171875 0.263671875 0.9290017296874999 0.271484375 0.89220958125
0 0.2607421875 0.548203 0.2578125 0.6604190515624999 0.265625 0.6861735546875 0.26953125 0.6861735546875 0.26953125 0.6015516140625 0.263671875 0.583155540625 0.263671875 0.5500426078125 0.2607421875 0.548203
0 0.2548828125 0.39367598125000003 0.251953125 0.410232446875 0.255859375 0.439666165625 0.248046875 0.47277909687499997 0.255859375 0.5132504609375 0.259765625 0.5132504609375 0.271484375 0.4580622390625 0.271484375 0.4139116609375 0.2607421875 0.39367598125000003 0.2548828125 0.39367598125000003
0 0.232421875 0.5978724 0.234375 0.542684178125 0.2314453125 0.5298069265625001 0.1865234375 0.5849951484375 0.1787109375 0.5886743625 0.1689453125 0.57763671875 0.1640625 0.583155540625 0.169921875 0.5978724 0.169921875 0.642022978125 0.193359375 0.6861735546875 0.1953125 0.7487202046875 0.19140625 0.763437065625 0.1943359375 0.7689558875 0.203125 0.7671162781249999 0.20703125 0.7560786359375 0.2109375 0.7082488421875001 0.220703125 0.6714566953125 0.232421875 0.5978724
0 0.16015625 0.5353257484375 0.1611328125 0.5813159328124999 0.169921875 0.5757971109375 0.169921875 0.5353257484375 0.171875 0.5242881046875 0.1787109375 0.51876928125 0.1953125 0.5353257484375 0.1923828125 0.566599075 0.201171875 0.5610802515625 0.2060546875 0.5261277125 0.2119140625 0.5261277125 0.21484375 0.54636339375 0.2177734375 0.548203 0.220703125 0.5316465328125 0.212890625 0.5058920296875 0.208984375 0.4433453796875 0.2265625 0.410232446875 0.228515625 0.3955155875 0.2236328125 0.39367598125000003 0.2060546875 0.43046812812499996 0.1962890625 0.441505771875 0.1787109375 0.441505771875 0.1494140625 0.45622263125 0.1201171875 0.4525434171875 0.1171875 0.48381674218750004 0.12890625 0.5132504609375 0.12890625 0.5353257484375 0.123046875 0.56843868125 0.115234375 0.58683475625 0.123046875 0.58683475625 0.126953125 0.583155540625 0.140625 0.5316465328125 0.1474609375 0.522448496875 0.16015625 0.5353257484375
0 0.3359375 0.6309853328125 0.337890625 0.6640982656250001 0.345703125 0.6640982656250001 0.345703125 0.6824943390625 0.3486328125 0.6880131625 0.357421875 0.6824943390625 0.365234375 0.5316465328125 0.369140625 0.5095712453125001 0.359375 0.49485438750000005 0.357421875 0.4433453796875 0.345703125 0.3955155875 0.34375 0.369761084375 0.3349609375 0.349525403125 0.33203125 0.3513650109375 0.33203125 0.41759087656249994 0.337890625 0.4801375265625 0.3017578125 0.5040524234375 0.2900390625 0.5298069265625001 0.2685546875 0.5261277125 0.265625 0.5316465328125 0.265625 0.583155540625 0.28515625 0.6346645484375 0.291015625 0.6751359109374999 0.291015625 0.6972111984375 0.287109375 0.7119280578125 0.29296875 0.715607271875 0.3125 0.7082488421875001 0.31640625 0.6714566953125 0.3310546875 0.6291457265625 0.3359375 0.6309853328125
0 0.3193359375 0.467260275 0.3056640625 0.47829792031249996 0.296875 0.49853360156250004 0.30078125 0.5132504609375 0.3095703125 0.500373209375 0.3369140625 0.48565635 0.337890625 0.4764583125 0.3193359375 0.467260275
0 0.3955078125 0.566599075 0.400390625 0.5500426078125 0.396484375 0.5206088906249999 0.3984375 0.5058920296875 0.3818359375 0.511410853125 0.3623046875 0.49669399375 0.365234375 0.5095712453125001 0.36328125 0.6089100453125 0.3671875 0.6199476875000001 0.3671875 0.6346645484375 0.3759765625 0.6549002296875 0.38671875 0.6530606203125 0.376953125 0.6346645484375 0.376953125 0.5905139703125 0.3837890625 0.5702782890625 0.3955078125 0.566599075
0 0.22265625 0.491175171875 0.220703125 0.5058920296875 0.224609375 0.5353257484375 0.232421875 0.5242881046875 0.232421875 0.502212815625 0.2275390625 0.48565635 0.22265625 0.491175171875
0 0.3896484375 0.349525403125 0.3857421875 0.349525403125 0.3681640625 0.38999676562499996 0.349609375 0.4065532328125 0.3544921875 0.4231096984375 0.361328125 0.42127009062500004 0.3779296875 0.4083928390625 0.38671875 0.391836371875 0.390625 0.3771195140625 0.3896484375 0.349525403125
0 0.3134765625 0.470939490625 0.337890625 0.469099884375 0.333984375 0.42494930625 0.3291015625 0.41207205468749997 0.2802734375 0.43414734218750006 0.271484375 0.4433453796875 0.267578125 0.4764583125 0.2578125 0.48749595625 0.2578125 0.5132504609375 0.2626953125 0.5298069265625001 0.2666015625 0.522448496875 0.2744140625 0.5298069265625001 0.28515625 0.5279673203125 0.294921875 0.516929675 0.298828125 0.491175171875 0.3056640625 0.47829792031249996 0.3134765625 0.470939490625
0 0.494140625 0.7523994203125 0.50390625 0.6640982656250001 0.50390625 0.6199476875000001 0.5126953125 0.614428865625 0.515625 0.6052308296875 0.515625 0.5794763265625 0.51171875 0.572117896875 0.5126953125 0.53716535625 0.5068359375 0.53716535625 0.5029296875 0.5445237859375001 0.4814453125 0.5445237859375001 0.4736328125 0.5334861421875 0.47265625 0.5610802515625 0.4375 0.6199476875000001 0.41796875 0.6714566953125 0.4140625 0.6935319843750001 0.412109375 0.7376825609375001 0.42578125 0.785512353125 0.42578125 0.840700575 0.4287109375 0.846219396875 0.4384765625 0.846219396875 0.4443359375 0.82046489375 0.455078125 0.8480590046875 0.458984375 0.8480590046875 0.458984375 0.8223045015625001 0.46875 0.7560786359375 0.4794921875 0.743201384375 0.494140625 0.7523994203125
0 0.4853515625 0.7468805984375 0.4775390625 0.7468805984375 0.466796875 0.7671162781249999 0.4609375 0.866455078125 0.4375 0.9989068109374999 0.490234375 0.9989068109374999 0.498046875 0.9510770171875 0.501953125 0.8223045015625001 0.4921875 0.7560786359375 0.4853515625 0.7468805984375
0 0.423828125 0.47277909687499997 0.4228515625 0.49669399375 0.4375 0.491175171875 0.4453125 0.4139116609375 0.4521484375 0.39367598125000003 0.4609375 0.391836371875 0.4580078125 0.3789591203125 0.4482421875 0.3789591203125 0.4384765625 0.40103440937499996 0.4033203125 0.40471362343750006 0.3994140625 0.38263833593749996 0.3828125 0.399194803125 0.390625 0.439666165625 0.404296875 0.46542066875000004 0.40625 0.49485438750000005 0.40234375 0.502212815625 0.412109375 0.502212815625 0.412109375 0.4764583125 0.4169921875 0.46358106093749996 0.4208984375 0.46358106093749996 0.423828125 0.47277909687499997
0 0.998046875 0.7487202046875 0.98828125 0.6972111984375 0.9794921875 0.6769755171875 0.9677734375 0.6806547328125 0.9580078125 0.7027300203125 0.947265625 0.7119280578125 0.939453125 0.745040990625 0.919921875 0.7928707828125 0.91796875 0.81126685625 0.908203125 0.8186252859375 0.91015625 0.8443797890625 0.90625 0.8590966484375 0.90625 0.89220958125 0.921875 0.9473978031250001 0.92578125 0.9989068109374999 0.9404296875 1 0.943359375 0.9952275953124999 0.9443359375 0.9455581953125 0.958984375 0.9510770171875 0.9609375 0.98418995 0.9580078125 0.9970672015625001 0.974609375 0.9989068109374999 0.978515625 0.98418995 0.984375 0.8885303656250001 0.998046875 0.8039084265625001 0.998046875 0.7487202046875
0 0.7033932875 1 0.7109375 0.9989068109374999 0.71484375 0.99154838125 0.71484375 0.9694730921874999 0.72265625 0.936360159375 0.724609375 0.9032472265625 0.73046875 0.8848511515625 0.7431640625 0.8646154718749999 0.75390625 0.8738135078125 0.75390625 0.895888796875 0.748046875 0.9106056562499999 0.748046875 0.9253225140625 0.7509765625 0.9308413359375001 0.7607421875 0.9308413359375001 0.76953125 0.9069264406249999 0.7802734375 0.846219396875 0.78125 0.866455078125 0.771484375 0.9179640843750001 0.771484375 0.936360159375 0.7802734375 0.9455581953125 0.787109375 0.936360159375 0.79296875 0.8848511515625 0.828125 0.7008904140625 0.828125 0.66777748125 0.82421875 0.6457021921874999 0.828125 0.439666165625 0.8212890625 0.42678891406249997 0.814453125 0.43598695000000004 0.80859375 0.4580622390625 0.806640625 0.5058920296875 0.80078125 0.5353257484375 0.79296875 0.623626903125 0.7705078125 0.6365041546875 0.7490234375 0.665937871875 0.7236328125 0.724805309375 0.703125 0.715607271875 0.705078125 0.7523994203125 0.69921875 0.774474709375 0.69921875 0.78919156875 0.705078125 0.8149460718749999 0.705078125 0.8333421453125001 0.69921875 0.9768315203125001 0.6953125 0.9952275953124999 0.6978459499999999 1 0.7033932875 1