0 0.8876953125 0.6833363968749999 0.9072265625 0.6446047781249999 0.927734375 0.659820771875 0.9248046875 0.6944025734375 0.939453125 0.68471966875 0.943359375 0.6487545953125 0.931640625 0.5685248171875 0.9375 0.4633961390625 0.9208984375 0.41498161875 0.9140625 0.4329641546875 0.923828125 0.4523299625 0.9257812484375 0.4827619484375 0.9111328125 0.542242646875 0.8056640625 0.5588419109375 0.7724609375 0.5284099265625 0.755859375 0.554692096875 0.7539062484375 0.5823575359375 0.7783203125 0.5948069859375 0.8007812484375 0.6404549625 0.796875 0.6708869484375 0.783203125 0.6902527578125001 0.794921875 0.698552390625 0.8173828125 0.6584375015624999 0.8408203125 0.691636028125 0.8359375 0.6459880515624999 0.8681640625 0.633538603125 0.8798828125 0.6363051484375 0.8867187515625 0.6515211390625 0.8740234375 0.688869484375 0.8876953125 0.6833363968749999
0 0.8867187515625 0.5436259203125 0.9140625 0.53809283125 0.919921875 0.5048943015625 0.9130859375 0.4758455875 0.9033203125 0.48691176406250003 0.8828125 0.4772288609375 0.8828125 0.5214935671875 0.875 0.5436259203125 0.8867187515625 0.5436259203125
0 0.681640625 0.5076608453125 0.681640625 0.48552849218749994 0.6767578125 0.4758455875 0.6640625 0.474462315625 0.669921875 0.4329641546875 0.6650390625 0.39838235312500003 0.646484375 0.4578630515625 0.626953125 0.493828125 0.611328125 0.5768244499999999 0.6210937515625 0.5795909921875 0.6318359375 0.5505422796875 0.6376953125 0.5699080890625 0.6552734375 0.5505422796875 0.6611328125 0.56714154375 0.6708984375 0.5533088234375 0.6992187515625 0.571291359375 0.671875 0.529793196875 0.681640625 0.5076608453125
0 0.5947265625 0.5975735296875 0.599609375 0.5934237125 0.5898437515625 0.5602251828125 0.599609375 0.46892922812500004 0.5712890625 0.46201286875 0.5634765625 0.481378678125 0.5087890625 0.47861213124999996 0.4960937515625 0.427431065625 0.4960937515625 0.3997656265625 0.5039062484375 0.383166359375 0.4990234375 0.3707169125 0.484375 0.38869945 0.490234375 0.471695771875 0.4804687515625 0.53255974375 0.4648437515625 0.571291359375 0.4648437515625 0.59619025625 0.4716796875 0.6003400734375 0.474609375 0.5851240796875 0.4931640625 0.56714154375 0.494140625 0.6017233453124999 0.5078125 0.6210891546874999 0.505859375 0.5934237125 0.5283203125 0.5505422796875 0.5429687515625 0.557458640625 0.5556640625 0.6031066171874999 0.564453125 0.6017233453124999 0.560546875 0.5629917265625 0.5654296875 0.5533088234375 0.5947265625 0.5975735296875
0 0.5224609375 0.45924632499999996 0.5078125 0.474462315625 0.5234375 0.4772288609375 0.5419921875 0.4758455875 0.544921875 0.46616268437499997 0.5224609375 0.45924632499999996
0 0.4189453125 0.4703124984375 0.3642578125 0.42328124999999994 0.3525390625 0.42328124999999994 0.3525390625 0.43988051562499997 0.3984375 0.4799954046875 0.3984375 0.513193934375 0.412109375 0.5795909921875 0.419921875 0.6100229781250001 0.427734375 0.612789521875 0.4375 0.6100229781250001 0.4296875 0.5851240796875 0.4335937515625 0.571291359375 0.4404296875 0.56160845625 0.4677734375 0.5588419109375 0.478515625 0.53809283125 0.486328125 0.4827619484375 0.4189453125 0.4703124984375
0 0.5039062484375 0.63215533125 0.494140625 0.6017233453124999 0.4580078125 0.5948069859375 0.453125 0.6432215078125 0.4648437515625 0.6708869484375 0.4648437515625 0.7289843734375 0.4414062484375 0.7566498171875 0.427734375 0.82028033125 0.4482421875 0.857628678125 0.4658203125 0.8659283078125 0.5078125 0.8645450374999999 0.529296875 0.842412684375 0.5283203125 0.8327297781249999 0.5078125 0.8313465078125001 0.521484375 0.8175137859375001 0.533203125 0.7538832734375001 0.533203125 0.704085478125 0.5234375 0.659820771875 0.5039062484375 0.63215533125
0 0.1708984375 0.7663327203125 0.1845703125 0.771865809375 0.1953125 0.7898483453125 0.1904296875 0.8271966921875 0.21875 0.8119806984375 0.2265625 0.7677159921875 0.224609375 0.6736534921875 0.265625 0.612789521875 0.267578125 0.5657582734375 0.2607421875 0.5533088234375 0.2539062484375 0.557458640625 0.248046875 0.615556065625 0.2304687515625 0.6266222421875 0.2333984375 0.6418382359375 0.2236328125 0.633538603125 0.2080078125 0.647371321875 0.1494140625 0.6612040453125 0.0888671875 0.6944025734375 0.056640625 0.6874862140625 0.0507812484375 0.7511167265625 0.0732421875 0.7607996328125 0.078125 0.7815487125 0.072265625 0.8396461390625 0.060546875 0.8562454046875001 0.064453125 0.8645450374999999 0.080078125 0.8534788609374999 0.1083984375 0.7884650734374999 0.1318359375 0.7939981625 0.142578125 0.8285799624999999 0.140625 0.845179228125 0.1572265625 0.8465624984375 0.158203125 0.7787821687500001 0.1708984375 0.7663327203125
0 0.3056640625 0.5754411765625 0.2744140625 0.5782077203125 0.265625 0.6210891546874999 0.236328125 0.659820771875 0.2617187515625 0.659820771875 0.3427734375 0.647371321875 0.3476562484375 0.63768841875 0.3408203125 0.6280055156250001 0.2978515625 0.630772059375 0.279296875 0.618322609375 0.3310546875 0.5809742640625 0.337890625 0.5602251828125 0.3056640625 0.5754411765625
0 0.07421875156249999 0.6238556984375 0.0947265625 0.6750367640625 0.119140625 0.6764200375 0.1767578125 0.65013786875 0.2099609375 0.6446047781249999 0.2353515625 0.6197058828124999 0.25 0.5878906265625 0.1630859375 0.5948069859375 0.1201171875 0.60863970625 0.1044921875 0.5782077203125 0.07421875156249999 0.6238556984375
0 0.1640625 0.55192555 0.1689453125 0.5948069859375 0.1796875 0.59065716875 0.1865234375 0.545009190625 0.2099609375 0.5533088234375 0.2392578125 0.586507353125 0.2421875 0.5795909921875 0.2265625 0.5436259203125 0.2265625 0.49659466874999997 0.240234375 0.48829503750000003 0.2382812484375 0.4523299625 0.1142578125 0.4647794125 0.0498046875 0.3679503671875 0.048828125 0.383166359375 0.091796875 0.46892922812500004 0.0507812484375 0.5934237125 0.0507812484375 0.615556065625 0.060546875 0.618322609375 0.06640624843750001 0.5851240796875 0.1005859375 0.5477757359375001 0.111328125 0.554692096875 0.109375 0.5934237125 0.1298828125 0.60863970625 0.125 0.5851240796875 0.1494140625 0.5367095578125001 0.1640625 0.55192555
0 0.3125 0.41083180312499995 0.2822265625 0.4122150734375 0.2744140625 0.42051470625 0.2431640625 0.39838235312500003 0.2460937515625 0.3472012875 0.2294921875 0.3402849265625 0.224609375 0.3527343734375 0.2304687515625 0.3748667265625 0.212890625 0.4523299625 0.2382812484375 0.45509650781250005 0.2382812484375 0.518727021875 0.2470703125 0.542242646875 0.2578125 0.5436259203125 0.2539062484375 0.5242601109375 0.2626953125 0.5284099265625 0.2666015625 0.5062775734375 0.2880859375 0.5394761031249999 0.294921875 0.53809283125 0.28125 0.48829503750000003 0.310546875 0.44956341875000005 0.3125 0.41083180312499995