0 0.248046875 0.9024959421875 0.255859375 0.8933644468749999 0.25390625 0.84770698125 0.2802734359375 0.8218344156249999 0.28515625 0.8020495109375 0.2763671859375 0.7944399343749999 0.2744140640625 0.8127029218749999 0.2412109359375 0.8370535718750001 0.2197265640625 0.8005275968750001 0.2080078140625 0.8066152593749999 0.2001953140625 0.7944399343749999 0.1787109359375 0.8005275968750001 0.1611328140625 0.7883522734375 0.171875 0.87205763125 0.203125 0.9177150968750001 0.2109375 0.9481534078125 0.205078125 0.9664163953125 0.224609375 0.9785917187500001 0.232421875 0.9725040578125 0.232421875 0.9542410703125 0.2421875 0.9420657453124999 0.248046875 0.9024959421875
0 0.3291015640625 0.6300730515625 0.3427734359375 0.608766234375 0.3486328140625 0.6270292203125 0.3564453140625 0.6270292203125 0.3642578140625 0.5965909093749999 0.3896484359375 0.6148538968749999 0.400390625 0.6042004890625 0.3935546859375 0.590503246875 0.3505859359375 0.572240259375 0.3212890640625 0.5387581171875 0.2666015640625 0.5448457796875 0.228515625 0.5828936671875 0.234375 0.5981128265625 0.232421875 0.662033278125 0.251953125 0.6650771109375 0.3076171859375 0.6118100656250001 0.3232421859375 0.6118100656250001 0.322265625 0.625507303125 0.3291015640625 0.6300730515625
0 0.330078125 0.37895698125 0.333984375 0.3332995109375 0.34765625 0.3180803578125 0.3466796859375 0.27394480468750004 0.2958984359375 0.3165584421875 0.28515625 0.3363433453125 0.287109375 0.400263796875 0.310546875 0.406351459375 0.3271484359375 0.40482954531250004 0.36328125 0.3759131484375 0.3583984359375 0.365259740625 0.330078125 0.37895698125
0 0.6025390640625 0.097402596875 0.5732421859375 0.094358765625 0.5615234359375 0.10653409062500001 0.548828125 0.162844965625 0.564453125 0.156757303125 0.57421875 0.2145900984375 0.583984375 0.2145900984375 0.576171875 0.19328327812499999 0.5791015640625 0.17654220781250002 0.5869140640625 0.2008928578125 0.6064453140625 0.21002435 0.6083984359375 0.2008928578125 0.59375 0.19328327812499999 0.6005859359375 0.1734983765625 0.634765625 0.23285308593749998 0.6640625 0.199370940625 0.654296875 0.19023945 0.64453125 0.14153815 0.6025390640625 0.097402596875
0 0.822265625 0.305905034375 0.7822265640625 0.3043831171875 0.7626953140625 0.246550325 0.7529296859375 0.23741883125 0.7333984359375 0.2404626625 0.74609375 0.33938717343749997 0.7509765640625 0.328733765625 0.7724609359375 0.328733765625 0.7861328140625 0.3135146109375 0.822265625 0.305905034375
0 0.533203125 0.6042004890625 0.533203125 0.643770290625 0.548828125 0.6498579531249999 0.54296875 0.625507303125 0.552734375 0.6011566546875 0.5546875 0.488534903125 0.568359375 0.4641842546875 0.5712890640625 0.42613636406250005 0.5537109359375 0.43831168906249995 0.5419921859375 0.42004870156249996 0.537109375 0.4550527578125 0.525390625 0.46722808281250006 0.5078125 0.5128855531250001 0.501953125 0.5524553562500001 0.509765625 0.6285511374999999 0.50390625 0.6863839265625 0.51171875 0.6955154234375 0.513671875 0.6742086031250001 0.5234375 0.6742086031250001 0.5263671859375 0.5844155843750001 0.533203125 0.6042004890625
0 0.64453125 0.4459212671875 0.646484375 0.41548295625 0.6337890640625 0.3865665578125 0.6083984359375 0.42004870156249996 0.5947265640625 0.42004870156249996 0.57421875 0.4459212671875 0.5693359359375 0.49005681875 0.61328125 0.4915787328125 0.6318359359375 0.48396915625 0.6396484359375 0.4626623375 0.650390625 0.45809659218750004 0.64453125 0.4459212671875
0 0.8125 0.7107345765625 0.798828125 0.6498579531249999 0.8046875 0.5859375015625 0.8212890640625 0.5752840906250001 0.8408203140625 0.5844155843750001 0.84765625 0.5524553562500001 0.8388671859375 0.5448457796875 0.7939453140625 0.5478896109375 0.7880859359375 0.5326704546875 0.7783203140625 0.5448457796875 0.7412109359375 0.5418019484375 0.7275390640625 0.5144074671875 0.7119140640625 0.5052759734375 0.708984375 0.518973215625 0.732421875 0.5554991890625 0.7265625 0.6133319796875 0.7578125 0.6529017875 0.771484375 0.725953734375 0.78515625 0.7289975640625 0.7890625 0.7168222390625 0.7822265640625 0.6696428578125 0.7978515640625 0.7092126624999999 0.8125 0.7107345765625
0 0.8193359359375 0.39569805156250004 0.7998046859375 0.38352272656249997 0.7763671859375 0.3896103890625 0.7421875 0.3637378234375 0.740234375 0.400263796875 0.751953125 0.40939529375 0.759765625 0.442877434375 0.7548828140625 0.48396915625 0.7705078140625 0.4748376625 0.775390625 0.4550527578125 0.7861328140625 0.44744318125 0.810546875 0.47635957968750003 0.8095703140625 0.5052759734375 0.8173828140625 0.5052759734375 0.8271484359375 0.48396915625 0.8447265640625 0.5204951296875 0.85546875 0.52201704375 0.85546875 0.5067978906249999 0.83984375 0.4824472421875 0.8359375 0.42765828125 0.8193359359375 0.39569805156250004
0 0.978515625 0.47027191718749994 0.978515625 0.436789771875 0.9384765640625 0.42918019531249996 0.923828125 0.47027191718749994 0.919921875 0.5768060046875 0.912109375 0.6042004890625 0.9443359359375 0.6239853890625 0.96484375 0.622463475 0.966796875 0.5981128265625 0.990234375 0.5676745140625 0.98828125 0.5067978906249999 0.978515625 0.47027191718749994
0 1 0.5615868515625 0.9970703140625 0.44744318125 0.98046875 0.4733157453125 0.990234375 0.5554991890625 1 0.5615868515625
0 0.9453125 0.3637378234375 0.9453125 0.3759131484375 0.955078125 0.38504464375 0.951171875 0.43070210937500003 0.970703125 0.43070210937500003 0.982421875 0.41548295625 0.978515625 0.37895698125 0.9560546859375 0.33482142812500004 0.9453125 0.3637378234375