0 0.547037421875 0.69921875 0.5327442828125 0.6982421875 0.5379417875 0.7216796875 0.5210498953125 0.7265625 0.5041580046874999 0.7158203125 0.4885654890625 0.6689453125 0.4482848234375 0.640625 0.3989085234375 0.626953125 0.35732848281249996 0.626953125 0.3261434515625 0.619140625 0.3118503125 0.6240234375 0.324844075 0.6494140625 0.324844075 0.6787109375 0.33134095625 0.68359375 0.3677234921875 0.6796875 0.41190228749999996 0.744140625 0.471673596875 0.7421875 0.502858628125 0.7578125 0.522349271875 0.7568359375 0.547037421875 0.751953125 0.5613305609375 0.7314453125 0.5613305609375 0.7138671875 0.547037421875 0.69921875
0 0.852390853125 0.5673828125 0.8354989609375 0.548828125 0.809511434375 0.53515625 0.7835239078125 0.533203125 0.7770270265625 0.5400390625 0.8030145531249999 0.5478515625 0.8186070687500001 0.5654296875 0.8173076921875 0.57421875 0.791320165625 0.56640625 0.760135134375 0.56640625 0.73154885625 0.578125 0.6977650734374999 0.580078125 0.6821725578125 0.58984375 0.6327962578124999 0.578125 0.61850311875 0.5830078125 0.63149688125 0.6005859375 0.628898128125 0.6337890625 0.6366943859374999 0.6513671875 0.6483887734375 0.66015625 0.6743763 0.65625 0.7016632015625001 0.6650390625 0.7549376296875 0.64453125 0.796517671875 0.662109375 0.8393970890625001 0.6396484375 0.852390853125 0.5673828125
0 0.43269230781249995 0.59375 0.446985446875 0.5849609375 0.4547817046875 0.5576171875 0.478170478125 0.5361328125 0.3105509359375 0.498046875 0.2377858625 0.46875 0.14423076875000002 0.470703125 0.122141371875 0.5126953125 0.12474012500000001 0.5380859375 0.13773388749999999 0.5556640625 0.222193346875 0.587890625 0.26897089375 0.59765625 0.2832640328125 0.6142578125 0.2988565484375 0.6201171875 0.3196465703125 0.6162109375 0.3131496875 0.591796875 0.39371101875000003 0.583984375 0.43269230781249995 0.59375
0 0.48726611249999996 0.474609375 0.46127858593750004 0.490234375 0.4352910609375 0.486328125 0.35732848281249996 0.431640625 0.333939709375 0.439453125 0.2949584203125 0.42578125 0.2325883578125 0.427734375 0.1884095640625 0.439453125 0.1702182953125 0.462890625 0.15722453281249998 0.462890625 0.153326403125 0.4462890625 0.133835759375 0.44140625 0.128638253125 0.462890625 0.066268190625 0.462890625 0.0233887734375 0.4814453125 0.029885654687500002 0.48828125 0.0584719328125 0.494140625 0.0740644484375 0.48046875 0.10524947968750001 0.474609375 0.149428275 0.48046875 0.18061330625 0.470703125 0.2455821203125 0.470703125 0.2585758828125 0.48046875 0.31834719375 0.5 0.42229729687499995 0.52734375 0.471673596875 0.533203125 0.478170478125 0.5361328125 0.475571725 0.5517578125 0.4885654890625 0.5537109375 0.5119542625 0.5419921875 0.5119542625 0.4951171875 0.49376299375 0.4912109375 0.48726611249999996 0.474609375
0 0.560031184375 0.416015625 0.5457380453125 0.4267578125 0.5301455296875 0.4599609375 0.5301455296875 0.4814453125 0.5171517671875 0.4912109375 0.5119542625 0.5068359375 0.5366424109375 0.509765625 0.5548336796875 0.5234375 0.56912681875 0.5224609375 0.6107068609375 0.4775390625 0.6133056140625001 0.4619140625 0.5925155921874999 0.4228515625 0.560031184375 0.416015625
0 0.6860706859375 0.4365234375 0.6392931390625 0.4072265625 0.6353950109375 0.39453125 0.5990124734375 0.40234375 0.5704261953125 0.392578125 0.5665280671875 0.4013671875 0.574324325 0.4130859375 0.5925155921874999 0.4228515625 0.6081081078125 0.4462890625 0.615904365625 0.4794921875 0.6353950109375 0.48828125 0.6548856546875 0.4873046875 0.6613825359375001 0.48046875 0.6821725578125 0.478515625 0.6886694390625 0.4697265625 0.6860706859375 0.4365234375
0 0.6977650734374999 0.349609375 0.6301975046875 0.357421875 0.6042099796875 0.34375 0.5652286906249999 0.33984375 0.53144490625 0.37109375 0.4547817046875 0.3759765625 0.46127858593750004 0.3828125 0.502858628125 0.390625 0.528846153125 0.388671875 0.5548336796875 0.40234375 0.5704261953125 0.392578125 0.5938149687500001 0.400390625 0.622401246875 0.400390625 0.6353950109375 0.39453125 0.647089396875 0.4052734375 0.6639812890625 0.39453125 0.7016632015625001 0.3876953125 0.709459459375 0.3583984375 0.6977650734374999 0.349609375
0 0.378118503125 0.318359375 0.3196465703125 0.3212890625 0.32744282812500003 0.3544921875 0.353430353125 0.3642578125 0.3638253640625 0.3759765625 0.35862785937499997 0.3876953125 0.3677234921875 0.39453125 0.391112265625 0.40234375 0.4365904359375 0.4033203125 0.4495842 0.3974609375 0.4547817046875 0.3759765625 0.41709979218750004 0.33984375 0.378118503125 0.318359375
0 0.6042099796875 0.26171875 0.4924636171875 0.265625 0.44568607031249996 0.28125 0.3898128890625 0.3154296875 0.40930353437500006 0.33203125 0.42489604999999997 0.330078125 0.44568607031249996 0.337890625 0.5366424109375 0.326171875 0.5678274421875 0.337890625 0.6016112265625 0.341796875 0.6301975046875 0.35546875 0.6548856546875 0.3544921875 0.696465696875 0.3466796875 0.6990644484375 0.3154296875 0.6613825359375001 0.31640625 0.6042099796875 0.26171875
0 0.771829521875 0.2412109375 0.7523388765625 0.23046875 0.73154885625 0.23046875 0.722453221875 0.2412109375 0.722453221875 0.2607421875 0.7328482328125 0.2705078125 0.727650728125 0.3095703125 0.7614345109375 0.3310546875 0.7926195421875 0.3193359375 0.7926195421875 0.2861328125 0.774428275 0.2626953125 0.771829521875 0.2412109375
0 0.5834199578125 0.1171875 0.5834199578125 0.1328125 0.5262474015625 0.125 0.491164240625 0.1416015625 0.4976611234375 0.150390625 0.560031184375 0.15234375 0.5964137218750001 0.171875 0.6392931390625 0.1728515625 0.634095634375 0.1416015625 0.6405925156250001 0.12109375 0.6094074843749999 0.126953125 0.5834199578125 0.1171875
0 0.32744282812500003 0.2529296875 0.33523908593749996 0.2197265625 0.3053534296875 0.212890625 0.2858627859375 0.2275390625 0.2793659046875 0.244140625 0.21959459531249997 0.25390625 0.19360706875 0.26953125 0.18191268124999999 0.2802734375 0.17931392968749998 0.3017578125 0.18581081093750001 0.3125 0.2053014546875 0.3154296875 0.2455821203125 0.30859375 0.26897089375 0.28125 0.3131496875 0.2734375 0.32744282812500003 0.2529296875
0 0.1832120578125 0.11328125 0.1234407484375 0.111328125 0.1611226609375 0.1259765625 0.1611226609375 0.1689453125 0.165020790625 0.171875 0.18581081093750001 0.154296875 0.202702703125 0.1865234375 0.215696465625 0.1884765625 0.23388773437500002 0.1806640625 0.23388773437500002 0.1591796875 0.246881496875 0.1337890625 0.1832120578125 0.11328125
0 0.10914760937500001 0.0439453125 0.08316008281250001 0.0654296875 0.077962578125 0.0810546875 0.0870582125 0.09375 0.1273388765625 0.0966796875 0.1481288984375 0.0380859375 0.14163201718750001 0.029296875 0.12084199531249999 0.0234375 0.10914760937500001 0.0439453125
0 0.26897089375 0.1171875 0.265072765625 0.1337890625 0.24168399218749997 0.1474609375 0.2390852390625 0.1689453125 0.28196465625 0.1796875 0.3014553015625 0.1787109375 0.3235446984375 0.173828125 0.324844075 0.1650390625 0.309251559375 0.1416015625 0.26897089375 0.1171875
0 0.34433471875 0.115234375 0.328742203125 0.115234375 0.309251559375 0.1318359375 0.3144490640625 0.1552734375 0.3235446984375 0.162109375 0.33523908593749996 0.1611328125 0.35083160156250004 0.1552734375 0.35862785937499997 0.1396484375 0.35602910625 0.1240234375 0.34433471875 0.115234375
0 0.29755717187499997 0.083984375 0.25597713125 0.08203125 0.24948025000000001 0.0869140625 0.2546777546875 0.1083984375 0.3014553015625 0.1337890625 0.3300415796875 0.1142578125 0.34303534375 0.0869140625 0.3261434515625 0.064453125 0.29755717187499997 0.083984375
0 0.391112265625 0.091796875 0.346933471875 0.06640625 0.3209459453125 0.064453125 0.34303534375 0.0810546875 0.3300415796875 0.1142578125 0.34953222500000003 0.1171875 0.3625259875 0.13671875 0.374220375 0.1357421875 0.38201663125 0.1318359375 0.3872141375 0.1064453125 0.4080041578125 0.0947265625 0.391112265625 0.091796875