0 0 0.44135459218750006 0.0224609375 0.4856541265625 0.029296875 0.4840134 0.037109375 0.47088761406249996 0.029296875 0.4643247203125 0.025390625 0.4347917 0.037109375 0.38885144375 0.0263671875 0.3576777 0.0107421875 0.360959146875 0 0.38228855156249997 0 0.44135459218750006
0 0.0556640625 0.31173744531250003 0.0576171875 0.2953302109375 0.076171875 0.3100967203125 0.0537109375 0.26251574375 0.03125 0.2608750203125 0.0458984375 0.31173744531250003 0.0556640625 0.31173744531250003
0 0.16796875 0.2674379140625 0.1572265625 0.22970127499999998 0.125 0.22477910625000003 0.1455078125 0.2657971890625 0.16796875 0.2674379140625
0 0.2119140625 0.4594025484375 0.1943359375 0.48237267812500007 0.1513671875 0.4922170171875 0.1416015625 0.5086242515625 0.111328125 0.4872948484375 0.1220703125 0.515187146875 0.14453125 0.526672209375 0.1533203125 0.5676902953125 0.1591796875 0.5676902953125 0.1630859375 0.5512830609375 0.1787109375 0.5611273999999999 0.1806640625 0.5414387203125 0.1943359375 0.538157275 0.2060546875 0.5676902953125 0.224609375 0.5726124640625 0.212890625 0.5299536578125 0.236328125 0.4807319546875 0.2275390625 0.4528396578125 0.2119140625 0.4594025484375
0 0.2177734375 0.367522040625 0.2041015625 0.3970550609375 0.1875 0.38885144375 0.2001953125 0.41018084843749997 0.2158203125 0.3970550609375 0.2314453125 0.4265880828125 0.23828125 0.4249473609375 0.228515625 0.40854012656250005 0.2314453125 0.4036179546875 0.2431640625 0.4265880828125 0.2490234375 0.41018084843749997 0.26171875 0.4249473609375 0.2578125 0.40854012656250005 0.271484375 0.40197723124999996 0.2685546875 0.380647828125 0.2177734375 0.367522040625
0 0.2841796875 0.31830033750000003 0.2509765625 0.30845599687499997 0.2412109375 0.32486323125 0.2265625 0.3199410625 0.2314453125 0.334707571875 0.2490234375 0.3314261265625 0.2548828125 0.360959146875 0.2763671875 0.3708034859375 0.2861328125 0.35111480625 0.30078125 0.3691627625 0.298828125 0.3429111890625 0.306640625 0.329785403125 0.2998046875 0.31173744531250003 0.2841796875 0.31830033750000003
0 0.2802734375 0.24938995468749997 0.2568359375 0.2887673171875 0.2421875 0.29368948906250003 0.2490234375 0.301893103125 0.2705078125 0.2953302109375 0.28125 0.306815275 0.2861328125 0.285485871875 0.3115234375 0.28220442343749996 0.3125 0.2674379140625 0.2802734375 0.24938995468749997
0 0.2890625 0.24118634062500002 0.2978515625 0.259234296875 0.341796875 0.264156465625 0.3515625 0.25103067968750004 0.3212890625 0.219856934375 0.3056640625 0.219856934375 0.2890625 0.24118634062500002
0 0.4462890625 0.187042465625 0.45703125 0.24118634062500002 0.484375 0.2543121265625 0.490234375 0.2379048921875 0.4697265625 0.21001259375 0.4541015625 0.20673114843749998 0.4462890625 0.187042465625
0 0.4169921875 0.22313838281249998 0.4296875 0.2214976578125 0.431640625 0.1952460828125 0.4169921875 0.1903239140625 0.41015625 0.2116533171875 0.4169921875 0.22313838281249998
0 0.57421875 0.2379048921875 0.5751953125 0.2559528484375 0.5830078125 0.2395456140625 0.5888671875 0.259234296875 0.5966796875 0.252671403125 0.603515625 0.2674379140625 0.599609375 0.22477910625000003 0.5927734375 0.213294040625 0.564453125 0.2280605515625 0.57421875 0.2379048921875
0 0.6962890625 0.1903239140625 0.68359375 0.2116533171875 0.681640625 0.28056369999999997 0.6875 0.28712659375 0.69921875 0.2707193609375 0.69921875 0.24446778593750002 0.689453125 0.2214976578125 0.6962890625 0.1903239140625
0 0.8564453125 0.3281446796875 0.837890625 0.3494740828125 0.833984375 0.3691627625 0.83984375 0.38556999687500004 0.85546875 0.38885144375 0.861328125 0.3527555296875 0.8740234375 0.34127046562499996 0.8759765625 0.3281446796875 0.8564453125 0.3281446796875
0 0.75 0.36259986875 0.7197265625 0.30845599687499997 0.70703125 0.32650395468750004 0.705078125 0.3757256578125 0.72265625 0.38228855156249997 0.7314453125 0.3543962515625 0.7421875 0.3658813171875 0.7392578125 0.380647828125 0.75 0.36259986875
0 0.6015625 0.32322250937499997 0.6201171875 0.334707571875 0.62890625 0.3560369765625 0.634765625 0.32650395468750004 0.61328125 0.296970934375 0.6103515625 0.259234296875 0.6015625 0.32322250937499997
0 0.6142578125 0.3281446796875 0.5673828125 0.31173744531250003 0.5478515625 0.3150188921875 0.5283203125 0.3379890203125 0.513671875 0.33962974375 0.5185546875 0.35111480625 0.5400390625 0.34127046562499996 0.5439453125 0.36424059375 0.5908203125 0.3543962515625 0.59765625 0.3691627625 0.6064453125 0.35111480625 0.6201171875 0.360959146875 0.623046875 0.33962974375 0.6142578125 0.3281446796875
0 0.5732421875 0.4200251890625 0.5849609375 0.39049216875 0.59765625 0.38885144375 0.595703125 0.36259986875 0.5869140625 0.3543962515625 0.5400390625 0.36424059375 0.5126953125 0.4068994 0.4921875 0.40525867812499994 0.5146484375 0.4200251890625 0.5244140625 0.4068994 0.53125 0.42822880625000004 0.5341796875 0.41346229531249995 0.5458984375 0.4200251890625 0.5556640625 0.4036179546875 0.5732421875 0.4200251890625
0 0.4150390625 0.423306634375 0.404296875 0.4249473609375 0.4189453125 0.43971386875 0.4404296875 0.4462767625 0.4443359375 0.4331509765625 0.451171875 0.444636040625 0.453125 0.40854012656250005 0.462890625 0.39213289218749997 0.4541015625 0.3576777 0.4150390625 0.423306634375
0 0.3486328125 0.3543962515625 0.3310546875 0.2920487625 0.330078125 0.3330668484375 0.34375 0.40525867812499994 0.37109375 0.411821571875 0.388671875 0.38885144375 0.388671875 0.3527555296875 0.3681640625 0.36424059375 0.3486328125 0.3543962515625
0 0.3740234375 0.41018084843749997 0.3671875 0.4249473609375 0.369140625 0.4544803796875 0.37890625 0.477450509375 0.3916015625 0.4462767625 0.40625 0.438073146875 0.3876953125 0.4068994 0.3740234375 0.41018084843749997
0 0.5 0.4643247203125 0.4814453125 0.44299531718749996 0.4638671875 0.4528396578125 0.3955078125 0.44299531718749996 0.3740234375 0.4856541265625 0.35546875 0.467606165625 0.3642578125 0.4922170171875 0.3818359375 0.495498465625 0.3896484375 0.4856541265625 0.392578125 0.5037020828125 0.40625 0.5135464234375 0.4111328125 0.4987799125 0.4287109375 0.4856541265625 0.4853515625 0.4856541265625 0.5 0.4643247203125
0 0.515625 0.47088761406249996 0.5126953125 0.4528396578125 0.4921875 0.4544803796875 0.4970703125 0.4725283375 0.515625 0.47088761406249996
0 0.4931640625 0.48893557187500003 0.4384765625 0.48237267812500007 0.41015625 0.500420634375 0.4091796875 0.5184685921875001 0.4296875 0.5135464234375 0.4345703125 0.5512830609375 0.4599609375 0.538157275 0.4736328125 0.55456450625 0.482421875 0.5529237828125 0.470703125 0.533235103125 0.4814453125 0.515187146875 0.4921875 0.5135464234375 0.4931640625 0.48893557187500003
0 0.4296875 0.5496423375 0.4287109375 0.5119056984375 0.4072265625 0.5250314859375 0.3720703125 0.521750040625 0.349609375 0.5529237828125 0.345703125 0.5758939125 0.3603515625 0.5676902953125 0.369140625 0.6087083796874999 0.37890625 0.6119898265625 0.3935546875 0.5840975296875001 0.416015625 0.5890196984375 0.412109375 0.5693310171875 0.4296875 0.5496423375
0 0.3232421875 0.6792594859375 0.3369140625 0.692385271875 0.341796875 0.674337315625 0.337890625 0.6612115296875001 0.3671875 0.6218341656249999 0.369140625 0.60542693125 0.3603515625 0.570971740625 0.3310546875 0.597223315625 0.3173828125 0.597223315625 0.3134765625 0.5840975296875001 0.2734375 0.648085740625 0.26953125 0.730121909375 0.2783203125 0.7448884203125 0.298828125 0.7432476984374999 0.3203125 0.7235590171874999 0.322265625 0.69730744375 0.31640625 0.6841816546875 0.3232421875 0.6792594859375
0 0.5205078125 0.597223315625 0.5126953125 0.5676902953125 0.4990234375 0.570971740625 0.4912109375 0.5611273999999999 0.484375 0.6251156124999999 0.46875 0.6218341656249999 0.4697265625 0.6333192296875 0.5009765625 0.66941514375 0.5595703125 0.698948165625 0.5771484375 0.692385271875 0.6240234375 0.73504408125 0.6484375 0.74652914375 0.6416015625 0.725199740625 0.5986328125 0.6891038265625 0.5654296875 0.6136305484375 0.5205078125 0.597223315625
0 0.5986328125 0.5184685921875001 0.5849609375 0.48893557187500003 0.5771484375 0.5020613578125 0.5693359375 0.4987799125 0.56640625 0.5365165484375 0.580078125 0.5529237828125 0.58984375 0.5955825921875 0.599609375 0.6119898265625 0.603515625 0.6513671859375 0.6083984375 0.6562893578125 0.61328125 0.648085740625 0.6142578125 0.6169119953125 0.6328125 0.65793008125 0.623046875 0.664492975 0.6259765625 0.6726965921875 0.6474609375 0.6759780375 0.6513671875 0.659570803125 0.6630859375 0.659570803125 0.666015625 0.69730744375 0.677734375 0.7334033578125 0.6923828125 0.7547327609375001 0.69921875 0.7530920375 0.6875 0.7104332296875 0.6796875 0.6251156124999999 0.66796875 0.592301146875 0.5986328125 0.5184685921875001
0 0.6669921875 0.3970550609375 0.6044921875 0.4068994 0.59375 0.45119893437499997 0.5986328125 0.4594025484375 0.6259765625 0.4528396578125 0.63671875 0.47088761406249996 0.6279296875 0.495498465625 0.6162109375 0.5020613578125 0.6083984375 0.48893557187500003 0.607421875 0.5037020828125 0.6298828125 0.5315943796875 0.6337890625 0.515187146875 0.6533203125 0.4987799125 0.650390625 0.520109315625 0.66796875 0.5365165484375 0.6640625 0.520109315625 0.681640625 0.4807319546875 0.685546875 0.4151030171875 0.6669921875 0.3970550609375
0 0.81640625 0.730121909375 0.826171875 0.7826250578125 0.81640625 0.7957508468750001 0.81640625 0.81215808125 0.8525390625 0.8695833984375 0.880859375 0.8843499093749999 0.892578125 0.8613797812499999 0.888671875 0.8220024203125 0.8349609375 0.6956667203125 0.81640625 0.730121909375