0 0.220703125 0.569690265625 0.19921875 0.525442478125 0.205078125 0.47013274374999997 0.1962890625 0.32079646093749997 0.185546875 0.37057522187499997 0.18359375 0.525442478125 0.16015625 0.56600295 0.158203125 0.7134955749999999 0.18359375 0.849926253125 0.205078125 0.9015486718749999 0.208984375 0.9531710921875 0.2255859375 0.9882005906250001 0.24609375 0.9937315640625 0.259765625 0.9826696171875 0.2646484375 0.9550147499999999 0.271484375 0.9568584078125 0.26953125 0.9199852500000001 0.2578125 0.879424778125 0.259765625 0.83886430625 0.2265625 0.6397492625 0.220703125 0.569690265625
0 0.2451171875 0.0737463125 0.2314453125 0.08112094375 0.228515625 0.0940265484375 0.2578125 0.1087758109375 0.263671875 0.18252212343750002 0.2587890625 0.202802359375 0.2421875 0.2193952796875 0.234375 0.318952803125 0.23828125 0.39638643125 0.23046875 0.41482300937499994 0.240234375 0.47382005937500005 0.259765625 0.48119469062500003 0.275390625 0.4627581125 0.275390625 0.43694690312500006 0.2890625 0.3742625375 0.296875 0.363200590625 0.296875 0.3447640125 0.2734375 0.1050884953125 0.2587890625 0.077433628125 0.2451171875 0.0737463125
0 0.791015625 0.47013274374999997 0.78515625 0.495943953125 0.78515625 0.5512536875 0.794921875 0.63237463125 0.7890625 0.672935103125 0.7705078125 0.7042772859374999 0.7470703125 0.7042772859374999 0.744140625 0.731932153125 0.77734375 0.77986725625 0.78125 0.831489675 0.806640625 0.879424778125 0.8017578125 0.995575221875 0.888671875 0.9974188796875 0.904296875 0.9900442484375 0.880859375 0.923672565625 0.86328125 0.768805309375 0.83203125 0.67662241875 0.80859375 0.6360619468750001 0.794921875 0.540191740625 0.8056640625 0.44985250781249997 0.791015625 0.47013274374999997
0 0.6884765625 0.8997050140624999 0.697265625 0.879424778125 0.740234375 0.687684365625 0.740234375 0.6139380531249999 0.759765625 0.5586283187500001 0.76953125 0.503318584375 0.76953125 0.47382005937500005 0.7548828125 0.4424778765625 0.734375 0.44432153437500005 0.744140625 0.47382005937500005 0.744140625 0.5070059 0.732421875 0.56600295 0.712890625 0.61762536875 0.6318359375 0.7227138640625 0.583984375 0.8278023593749999 0.580078125 0.86836283125 0.568359375 0.89786135625 0.546875 0.9126106187499999 0.546875 0.9900442484375 0.5859375 0.9937315640625 0.6142578125 0.9181415921875 0.6240234375 0.943952803125 0.6357421875 0.9402654874999999 0.66015625 0.857300884375 0.6865234375 0.8222713859375 0.689453125 0.83886430625 0.67578125 0.890486725 0.6884765625 0.8997050140624999
0 0.7890625 0.42957227187499997 0.7890625 0.3742625375 0.7841796875 0.3650442484375 0.7734375 0.3742625375 0.76171875 0.44800885 0.76953125 0.48119469062500003 0.775390625 0.48119469062500003 0.7890625 0.42957227187499997
0 0.7392578125 0.4830383484375 0.7275390625 0.4977876109375 0.7080078125 0.5420353984374999 0.6884765625 0.5272861359375 0.6181640625 0.5235988203125 0.5458984375 0.5678466078125 0.5390625 0.5807522125 0.53515625 0.6544985249999999 0.5439453125 0.6747787609375 0.5703125 0.665560471875 0.5703125 0.7134955749999999 0.556640625 0.724557521875 0.5625 0.7356194687500001 0.55859375 0.761430678125 0.57421875 0.76511799375 0.599609375 0.68399705 0.6142578125 0.6600294984375 0.6435546875 0.6526548671875 0.6591796875 0.6821533921875 0.7021484375 0.6342182890625 0.73046875 0.569690265625 0.744140625 0.488569321875 0.7392578125 0.4830383484375
0 0.501953125 0.8130530968749999 0.5087890625 0.8222713859375 0.517578125 0.8130530968749999 0.52734375 0.76511799375 0.521484375 0.702433628125 0.537109375 0.569690265625 0.5390625 0.48119469062500003 0.5341796875 0.4719764015625 0.525390625 0.47013274374999997 0.529296875 0.49963126874999997 0.505859375 0.599188790625 0.4541015625 0.6379056046875 0.4248046875 0.6747787609375 0.369140625 0.798303834375 0.37890625 0.864675515625 0.3935546875 0.8960176984375 0.404296875 0.89786135625 0.4189453125 0.8738938046875001 0.4267578125 0.8812684359375 0.435546875 0.8720501468749999 0.451171875 0.80936578125 0.4697265625 0.7706489671875 0.5048828125 0.7669616515625 0.509765625 0.776179940625 0.501953125 0.8130530968749999
0 0.509765625 0.422197640625 0.474609375 0.48488200625 0.4638671875 0.5235988203125 0.4189453125 0.5309734515625 0.3603515625 0.6084070796875001 0.318359375 0.6360619468750001 0.318359375 0.67662241875 0.330078125 0.72087020625 0.3720703125 0.7337758109375 0.384765625 0.768805309375 0.4150390625 0.6821533921875 0.478515625 0.6102507375 0.486328125 0.5807522125 0.48046875 0.547566371875 0.505859375 0.495943953125 0.52734375 0.4037610625 0.5263671875 0.3502949859375 0.509765625 0.422197640625
0 0.552734375 0.341076696875 0.533203125 0.28207964531249996 0.5263671875 0.099557521875 0.51171875 0.1161504421875 0.517578125 0.2894542765625 0.50390625 0.333702065625 0.498046875 0.42957227187499997 0.51171875 0.41113569375000003 0.517578125 0.363200590625 0.5263671875 0.34292035468750004 0.529296875 0.3890118 0.5078125 0.495943953125 0.484375 0.540191740625 0.486328125 0.577064896875 0.50390625 0.584439528125 0.525390625 0.5143805312499999 0.521484375 0.47382005937500005 0.5263671875 0.46460177031249994 0.54296875 0.4922566375 0.5390625 0.56600295 0.5546875 0.5549410031249999 0.568359375 0.44063421875 0.552734375 0.341076696875
0 0.47265625 0.2415191734375 0.470703125 0.318952803125 0.447265625 0.42957227187499997 0.390625 0.488569321875 0.3671875 0.5549410031249999 0.345703125 0.5918141593749999 0.34375 0.6102507375 0.35546875 0.6102507375 0.4169921875 0.5309734515625 0.46484375 0.518067846875 0.478515625 0.47382005937500005 0.46875 0.41482300937499994 0.48828125 0.30420353906250003 0.48828125 0.2562684359375 0.4814453125 0.22861356875 0.47265625 0.2415191734375
0 0.349609375 0.333702065625 0.3349609375 0.3134218296875 0.314453125 0.35213864375 0.291015625 0.49963126874999997 0.296875 0.6102507375 0.287109375 0.6360619468750001 0.2890625 0.68399705 0.30078125 0.7134955749999999 0.3134765625 0.7079646015625001 0.326171875 0.72087020625 0.318359375 0.687684365625 0.318359375 0.643436578125 0.3232421875 0.6268436578125 0.33984375 0.6139380531249999 0.35546875 0.5586283187500001 0.3671875 0.45169616562500003 0.365234375 0.39269911562500004 0.349609375 0.333702065625
0 0.4814453125 0.114306784375 0.4453125 0.2931415921875 0.4052734375 0.291297934375 0.3828125 0.341076696875 0.369140625 0.41113569375000003 0.3671875 0.48488200625 0.35546875 0.562315634375 0.359375 0.56600295 0.3935546875 0.4793510328125 0.4326171875 0.43141592968750003 0.447265625 0.42588495625 0.462890625 0.348451328125 0.46484375 0.2525811203125 0.484375 0.1751474921875 0.486328125 0.1308997046875 0.4814453125 0.114306784375
0 0.39453125 0.2599557515625 0.37890625 0.3152654875 0.3828125 0.3447640125 0.4033203125 0.29498525 0.4228515625 0.291297934375 0.423828125 0.28207964531249996 0.41015625 0.1935840703125 0.3681640625 0.15486725625 0.3671875 0.1714601765625 0.39453125 0.2304572265625 0.39453125 0.2599557515625
0 0.4873046875 0.143805309375 0.474609375 0.22308259531250002 0.486328125 0.2341445421875 0.4951171875 0.2802359875 0.513671875 0.28207964531249996 0.513671875 0.1935840703125 0.4873046875 0.143805309375
0 0.4296875 0.1677728609375 0.416015625 0.1972713859375 0.423828125 0.2452064890625 0.4365234375 0.22861356875 0.4541015625 0.22861356875 0.47265625 0.1603982296875 0.470703125 0.11983775781249999 0.4560546875 0.09587020625 0.4453125 0.1014011796875 0.4443359375 0.0442477875 0.4296875 0.1677728609375
0 0.376953125 0.2157079640625 0.390625 0.2267699109375 0.3837890625 0.20648967499999998 0.376953125 0.2157079640625
0 0.4296875 0.1714601765625 0.439453125 0.1087758109375 0.4365234375 0.0442477875 0.40234375 0.1014011796875 0.388671875 0.1603982296875 0.3955078125 0.180678465625 0.419921875 0.1898967546875 0.4296875 0.1714601765625
0 0.5625 0.2378318578125 0.55859375 0.1530235984375 0.564453125 0.12721238906250001 0.5517578125 0.11799409999999999 0.54296875 0.1530235984375 0.54296875 0.3005162234375 0.560546875 0.38163716875000003 0.59375 0.42957227187499997 0.609375 0.5143805312499999 0.62109375 0.5217551625 0.630859375 0.5143805312499999 0.6435546875 0.46091445468750003 0.6650390625 0.49410029531250005 0.6767578125 0.4977876109375 0.689453125 0.466445428125 0.689453125 0.42957227187499997 0.6064453125 0.2802359875 0.5625 0.2378318578125
0 0.63671875 0.12721238906250001 0.638671875 0.18252212343750002 0.6533203125 0.22123893749999998 0.669921875 0.2378318578125 0.6533203125 0.269174040625 0.615234375 0.2931415921875 0.6650390625 0.3945427734375 0.68359375 0.40007374687499997 0.708984375 0.348451328125 0.7109375 0.2599557515625 0.7021484375 0.22861356875 0.658203125 0.1788348078125 0.65234375 0.1493362828125 0.654296875 0.11246312656249999 0.6474609375 0.106932153125 0.63671875 0.12721238906250001
0 0.7001953125 0.22492625312499998 0.71484375 0.2783923296875 0.71484375 0.2562684359375 0.728515625 0.20833333281250002 0.728515625 0.1714601765625 0.7197265625 0.16592920312499998 0.7138671875 0.180678465625 0.6552734375 0.13274336250000002 0.65625 0.1714601765625 0.7001953125 0.22492625312499998