0 0.609375 0.2920422203125 0.6103515625 0.329103415625 0.634765625 0.3276209671875 0.638671875 0.30686669843750003 0.6298828125 0.2935246671875 0.609375 0.2920422203125
0 0.75 0.29797201093750003 0.736328125 0.24163899375 0.7255859375 0.240156546875 0.7265625 0.30093690624999997 0.755859375 0.303901803125 0.759765625 0.30093690624999997 0.75 0.29797201093750003
0 0.8232421875 0.2935246671875 0.8095703125 0.2935246671875 0.79296875 0.33948055 0.7958984375 0.349857684375 0.8017578125 0.3409629984375 0.8095703125 0.3557874765625 0.81640625 0.35430502812500003 0.8232421875 0.2935246671875
0 0.70703125 0.35726992343749997 0.720703125 0.3513401328125 0.720703125 0.3127964890625 0.7001953125 0.27573529375 0.6904296875 0.2787001890625 0.689453125 0.3157613859375 0.6953125 0.333550759375 0.69140625 0.35430502812500003 0.70703125 0.35726992343749997
0 0.884765625 0.4254625234375 0.8896484375 0.4328747625 0.90234375 0.43139231562499997 0.9140625 0.422497628125 0.919921875 0.401743359375 0.912109375 0.3602348203125 0.896484375 0.3276209671875 0.8837890625 0.3142789375 0.87109375 0.3454103421875 0.8828125 0.35726992343749997 0.884765625 0.4254625234375
0 0.3544921875 0.42694497187499997 0.353515625 0.40767315000000004 0.3623046875 0.3854364328125 0.37109375 0.39877846250000004 0.37109375 0.4195327328125 0.3828125 0.4254625234375 0.37890625 0.401743359375 0.3984375 0.3720944015625 0.3994140625 0.3468927890625 0.3505859375 0.33503320625 0.3330078125 0.34392789375 0.32421875 0.35726992343749997 0.3388671875 0.418050284375 0.3544921875 0.42694497187499997
0 0.5439453125 0.3706119546875 0.564453125 0.37505929843749997 0.564453125 0.422497628125 0.5712890625 0.42694497187499997 0.5810546875 0.418050284375 0.5986328125 0.44176944999999995 0.61328125 0.443251896875 0.619140625 0.42842741875 0.619140625 0.4047082546875 0.60546875 0.35430502812500003 0.5830078125 0.337998103125 0.5693359375 0.3142789375 0.5458984375 0.323173625 0.5390625 0.3513401328125 0.5439453125 0.3706119546875
0 0 0.43732210625 0.01171875 0.44918168906249994 0.01171875 0.4788306453125 0.02734375 0.481795540625 0.0634765625 0.48031309375 0.078125 0.47290085312499996 0.078125 0.4165678375 0.0673828125 0.3854364328125 0.0361328125 0.3765417453125 0.0166015625 0.38247153749999996 0.0078125 0.3958135671875 0 0.43732210625
0 0.2421875 0.47586575 0.2275390625 0.4506641359375 0.2021484375 0.447699240625 0.197265625 0.443251896875 0.1923828125 0.4091555984375 0.1767578125 0.41212049375 0.1669921875 0.4061907015625 0.169921875 0.46993595781249997 0.1875 0.50551470625 0.185546875 0.5321987671875 0.1953125 0.5351636625 0.2412109375 0.5336812140625 0.2705078125 0.524786528125 0.27734375 0.520339184375 0.27734375 0.50551470625 0.2724609375 0.49810246718749995 0.2607421875 0.49810246718749995 0.2509765625 0.5099620500000001 0.2421875 0.47586575
0 0.4150390625 0.5099620500000001 0.4013671875 0.5158918406249999 0.3798828125 0.5010673625 0.37890625 0.526268975 0.3623046875 0.5277514234375 0.345703125 0.5618477234375 0.35546875 0.6418999046875 0.35546875 0.7011978171875 0.3662109375 0.7056451609375001 0.37109375 0.6982329218750001 0.3671875 0.662654175 0.3740234375 0.6552419359375 0.390625 0.7160222953125001 0.392578125 0.745671253125 0.4130859375 0.7441888046875 0.4189453125 0.7560483875 0.4296875 0.7545659390624999 0.43359375 0.74270635625 0.42578125 0.7308467734375 0.427734375 0.588531784375 0.423828125 0.57370730625 0.427734375 0.511444496875 0.4248046875 0.5010673625 0.4189453125 0.5010673625 0.4150390625 0.5099620500000001
0 0.91796875 0.9561788421875 0.9326171875 0.987310246875 0.9453125 0.9798980078125 0.939453125 0.9621086343749999 0.9423828125 0.910222959375 0.951171875 0.923564990625 0.94921875 0.9591437375 0.953125 0.973968215625 0.9619140625 0.9754506640624999 0.966796875 0.9680384249999999 0.97265625 0.9354245734375001 0.970703125 0.8761266609374999 0.990234375 0.804969165625 0.984375 0.76049573125 0.986328125 0.6656190703125 0.9794921875 0.64931214375 0.9638671875 0.673031309375 0.9462890625 0.673031309375 0.9287109375 0.6552419359375 0.9228515625 0.741223909375 0.8681640625 0.7293643265624999 0.7744140625 0.7323292218749999 0.724609375 0.6300403218749999 0.708984375 0.57370730625 0.6943359375 0.5633301703125 0.69140625 0.570742409375 0.708984375 0.6418999046875 0.75 0.7308467734375 0.75390625 0.757530834375 0.751953125 0.8138638515625001 0.763671875 0.8553723906249999 0.76171875 0.9117054078125 0.767578125 0.93838946875 0.7822265625 0.9665559765625 0.7958984375 0.97248576875 0.8056640625 0.9962049328125 0.8203125 0.9976873812499999 0.82421875 0.991757590625 0.814453125 0.973968215625 0.8125 0.944319259375 0.826171875 0.8909511390624999 0.8349609375 0.880574003125 0.9111328125 0.8924335859375001 0.916015625 0.8998458250000001 0.91796875 0.9561788421875