0 0.193359375 0.21174065468749997 0.1904296875 0.1898364484375 0.1396484375 0.181074765625 0.10546875 0.202978971875 0.09765625 0.2467873828125 0.109375 0.2993574765625 0.109375 0.33440420625 0.09765625 0.3606892515625 0.107421875 0.3636098125 0.119140625 0.3460864484375 0.12109375 0.29351635468750004 0.1455078125 0.29205607499999997 0.154296875 0.2730724296875 0.154296875 0.23802570156249997 0.1669921875 0.2219626171875 0.1884765625 0.22488317812499997 0.193359375 0.21174065468749997
0 0.1884765625 0.29205607499999997 0.173828125 0.33440420625 0.1474609375 0.37383177500000003 0.126953125 0.38697429843750003 0.119140625 0.4337032703125 0.1171875 0.52132009375 0.123046875 0.5534462609374999 0.1396484375 0.5841121499999999 0.150390625 0.588492990625 0.146484375 0.6147780375 0.154296875 0.6176985984375001 0.162109375 0.6060163546874999 0.1640625 0.5534462609374999 0.173828125 0.547605140625 0.16796875 0.49211448593749996 0.171875 0.44830607499999997 0.162109375 0.37529205625 0.1875 0.3256425234375 0.1884765625 0.29205607499999997
0 0.22265625 0.5446845796875001 0.208984375 0.58265186875 0.212890625 0.6702686921875001 0.2255859375 0.686331775 0.2431640625 0.692172896875 0.25 0.7169976640625 0.259765625 0.6848714953124999 0.2578125 0.5505257015625 0.216796875 0.46582943906249996 0.1962890625 0.4380841125 0.1904296875 0.452686915625 0.173828125 0.4599883171875 0.220703125 0.52132009375 0.22265625 0.5446845796875001
0 0 0.9039135515625001 0.037109375 0.91559579375 0.05859375 0.87470794375 0.05859375 0.8571845796875 0.09375 0.7958528031250001 0.0791015625 0.7535046734375 0.0517578125 0.7943925234375 0 0.8308995328125001 0 0.9039135515625001
0 0.0341796875 0.998831775 0.138671875 1 0.154296875 0.9944509343749999 0.150390625 0.9564836453125001 0.1337890625 0.917056075 0.1103515625 0.90537383125 0.0634765625 0.9258177562500001 0.04296875 0.9477219625 0.033203125 0.97984813125 0.0341796875 0.998831775
0 0.197265625 0.81337616875 0.1904296875 0.744742990625 0.1435546875 0.7739485984375001 0.1201171875 0.8002336453125001 0.0849609375 0.8177570093750001 0.068359375 0.8455023359375 0.060546875 0.8893107484374999 0.0634765625 0.9199766359374999 0.1142578125 0.90537383125 0.146484375 0.921436915625 0.1572265625 0.9024532703125001 0.1748046875 0.9141355140625 0.189453125 0.9039135515625001 0.1796875 0.8893107484374999 0.18359375 0.8805490656250001 0.169921875 0.8659462609374999 0.169921875 0.85426401875 0.197265625 0.81337616875
0 0.2841796875 0.712616821875 0.267578125 0.7316004671874999 0.263671875 0.7637266359375 0.267578125 0.7929322437499999 0.2861328125 0.8089953265625001 0.2998046875 0.8352803734375 0.306640625 0.83382009375 0.3046875 0.7987733640625 0.3203125 0.7841705609375 0.337890625 0.7111565421875 0.3291015625 0.6950934578125 0.3134765625 0.6950934578125 0.3037109375 0.683411215625 0.2958984375 0.71845794375 0.2841796875 0.712616821875
0 0.3974609375 0.7067757015625 0.3818359375 0.67757009375 0.3623046875 0.6600467296875 0.34765625 0.6790303734375 0.34375 0.7666471968749999 0.365234375 0.842581775 0.36328125 0.8834696265625 0.373046875 0.8863901875 0.37890625 0.8396612156250001 0.3896484375 0.8206775703125 0.3994140625 0.849883178125 0.408203125 0.8455023359375 0.404296875 0.801693925 0.421875 0.7257593453125 0.4111328125 0.7096962609374999 0.3974609375 0.7067757015625
0 0.435546875 0.7432827109375 0.44140625 0.787091121875 0.423828125 0.8367406546874999 0.41796875 0.9185163546874999 0.3896484375 0.9608644859375 0.3623046875 0.9783878500000001 0.359375 0.9886098125 0.365234375 0.9886098125 0.3955078125 0.9754672890625 0.4169921875 0.9550233640625001 0.443359375 0.9097546734374999 0.453125 0.8659462609374999 0.466796875 0.8455023359375 0.482421875 0.7958528031250001 0.4677734375 0.73890186875 0.435546875 0.7432827109375
0 0.501953125 0.91559579375 0.5146484375 0.86448598125 0.5400390625 0.9082943921875 0.55078125 0.9068341125 0.55078125 0.8922313078125 0.5390625 0.8834696265625 0.529296875 0.8455023359375 0.5205078125 0.7505841125 0.5087890625 0.7681074765625 0.4951171875 0.7681074765625 0.494140625 0.754964953125 0.48828125 0.754964953125 0.48828125 0.78125 0.46875 0.8455023359375 0.447265625 0.8863901875 0.4453125 0.9418808406249999 0.43359375 0.9915303734375 0.4345703125 0.998831775 0.447265625 0.9973714953125 0.4560546875 0.9725467296874999 0.47265625 0.9652453265625001 0.4716796875 0.9404205609374999 0.48046875 0.9389602796875 0.4853515625 0.9637850468750001 0.5078125 0.9448014015625 0.509765625 0.9301985984375 0.501953125 0.91559579375
0 0.521484375 0.6702686921875001 0.5029296875 0.6425233640625 0.4697265625 0.6366822437499999 0.4169921875 0.67757009375 0.392578125 0.6848714953124999 0.396484375 0.6994742984375 0.4130859375 0.7096962609374999 0.4287109375 0.73890186875 0.5166015625 0.73890186875 0.52734375 0.74912383125 0.5419921875 0.7914719625 0.5625 0.8046144859375 0.5546875 0.78125 0.5703125 0.787091121875 0.546875 0.754964953125 0.544921875 0.72867990625 0.5341796875 0.712616821875 0.5302734375 0.724299065625 0.521484375 0.722838784375 0.521484375 0.6702686921875001
0 0.5556640625 0.71845794375 0.546875 0.7053154203124999 0.541015625 0.6644275703125 0.5087890625 0.6162383171875 0.4931640625 0.6133177562500001 0.4853515625 0.6016355140625 0.4814453125 0.6279205609375 0.4189453125 0.67757009375 0.390625 0.681950934375 0.39453125 0.6965537390625001 0.4130859375 0.7096962609374999 0.4287109375 0.73890186875 0.4755859375 0.73890186875 0.4970703125 0.7505841125 0.5146484375 0.73890186875 0.5439453125 0.797313084375 0.578125 0.8192172890625 0.580078125 0.7987733640625 0.552734375 0.760806075 0.544921875 0.7374415890625 0.5634765625 0.7476635515625001 0.6201171875 0.7476635515625001 0.623046875 0.7374415890625 0.6025390625 0.71845794375 0.5556640625 0.71845794375
0 0.630859375 0.8893107484374999 0.62109375 0.9097546734374999 0.6298828125 0.9462616828125 0.658203125 0.9506425234375 0.673828125 0.91559579375 0.689453125 0.81337616875 0.673828125 0.7520443921875 0.6162109375 0.6892523359375 0.62109375 0.7111565421875 0.642578125 0.7462032703125 0.630859375 0.787091121875 0.630859375 0.8893107484374999
0 0.8310546875 0.8265186921875 0.8154296875 0.8060747656249999 0.7763671875 0.785630840625 0.7734375 0.74912383125 0.7568359375 0.7213785046875001 0.7431640625 0.7096962609374999 0.7275390625 0.712616821875 0.705078125 0.787091121875 0.712890625 0.8250584109375 0.705078125 0.8571845796875 0.708984375 0.8922313078125 0.7158203125 0.9024532703125001 0.724609375 0.8980724296875 0.7216796875 0.86448598125 0.7353515625 0.86448598125 0.7509765625 0.8878504671874999 0.7646484375 0.8674065421874999 0.7939453125 0.8820093453125001 0.798828125 0.9097546734374999 0.82421875 0.9389602796875 0.8203125 0.91559579375 0.8671875 0.8717873828125 0.90234375 0.775408878125 0.8720703125 0.7681074765625 0.8583984375 0.7476635515625001 0.849609375 0.7578855140625 0.84375 0.7987733640625 0.8310546875 0.8265186921875
0 0.4970703125 0.557827103125 0.48828125 0.5768107484375 0.49609375 0.5943341125 0.4921875 0.60309579375 0.5029296875 0.6162383171875 0.5166015625 0.6162383171875 0.54296875 0.6644275703125 0.55078125 0.70823598125 0.5615234375 0.7213785046875001 0.5703125 0.719918225 0.5830078125 0.7096962609374999 0.603515625 0.7169976640625 0.58984375 0.649824765625 0.5771484375 0.630841121875 0.5361328125 0.6016355140625 0.52734375 0.5855724296875 0.5263671875 0.5607476640625 0.4970703125 0.557827103125
0 0.60546875 0.547605140625 0.603515625 0.5768107484375 0.630859375 0.5914135515625001 0.634765625 0.608936915625 0.62890625 0.6264602796875 0.638671875 0.6585864484374999 0.6474609375 0.671728971875 0.6572265625 0.6658878500000001 0.66796875 0.6761098125 0.669921875 0.7432827109375 0.6904296875 0.765186915625 0.712890625 0.7666471968749999 0.7119140625 0.7505841125 0.689453125 0.7374415890625 0.701171875 0.6323014015624999 0.693359375 0.5738901875 0.6591796875 0.5344626171875 0.6318359375 0.5432242984375 0.6181640625 0.53154205625 0.60546875 0.547605140625
0 0.4130859375 0.557827103125 0.3583984375 0.6016355140625 0.337890625 0.629380840625 0.3828125 0.6761098125 0.392578125 0.66734813125 0.3955078125 0.645443925 0.4111328125 0.6425233640625 0.427734375 0.6176985984375001 0.439453125 0.5797313078124999 0.45703125 0.5505257015625 0.4345703125 0.51109813125 0.4130859375 0.557827103125
0 0.3369140625 0.5227803734375 0.2958984375 0.5227803734375 0.2705078125 0.5432242984375 0.259765625 0.56220794375 0.259765625 0.6556658875 0.2626953125 0.6658878500000001 0.28125 0.6644275703125 0.28125 0.6439836453125001 0.298828125 0.6381425234375 0.28515625 0.6264602796875 0.3251953125 0.5957943921875 0.333984375 0.5797313078124999 0.330078125 0.54176401875 0.337890625 0.5330023359375 0.3369140625 0.5227803734375
0 0.3203125 0.608936915625 0.3203125 0.620619159375 0.328125 0.6235397203125 0.4111328125 0.557827103125 0.423828125 0.5330023359375 0.4296875 0.50087616875 0.4248046875 0.493574765625 0.3798828125 0.49649532656249995 0.3623046875 0.51109813125 0.34375 0.568049065625 0.3203125 0.608936915625
0 0.537109375 0.5709696265625 0.5546875 0.530081775 0.5419921875 0.4877336453125 0.4931640625 0.4789719625 0.4404296875 0.49065420625 0.431640625 0.50087616875 0.4599609375 0.55198598125 0.5224609375 0.5549065421875 0.537109375 0.5709696265625
0 0.2431640625 0.452686915625 0.2353515625 0.452686915625 0.220703125 0.4775116828125 0.2421875 0.52132009375 0.251953125 0.5242406546875 0.248046875 0.46582943906249996 0.2431640625 0.452686915625
0 0.25390625 0.4599883171875 0.265625 0.5183995328125001 0.2744140625 0.5227803734375 0.2880859375 0.5140186921875001 0.296875 0.52132009375 0.3037109375 0.505257009375 0.3291015625 0.48189252343750005 0.3486328125 0.484813084375 0.35546875 0.4599883171875 0.3330078125 0.4380841125 0.3173828125 0.43516355156250003 0.2587890625 0.44684579375 0.25390625 0.4599883171875
0 0.236328125 0.29059579375 0.26953125 0.349007009375 0.28125 0.422021028125 0.29296875 0.43662383125000004 0.2998046875 0.4176401875 0.3251953125 0.42932242968749995 0.3466796875 0.4234813078125 0.369140625 0.35776869218749996 0.3447265625 0.33294392500000003 0.2802734375 0.33294392500000003 0.2353515625 0.2774532703125 0.236328125 0.29059579375
0 0.427734375 0.255549065625 0.4189453125 0.24824766406249998 0.3974609375 0.25992990625 0.3701171875 0.2570093453125 0.3525390625 0.2686915890625 0.333984375 0.29351635468750004 0.3359375 0.3256425234375 0.3515625 0.33440420625 0.3603515625 0.32418224375000004 0.3759765625 0.327102803125 0.3837890625 0.3095794390625 0.3974609375 0.3037383171875 0.396484375 0.2818341125 0.4111328125 0.2686915890625 0.4287109375 0.2774532703125 0.427734375 0.255549065625
0 0.513671875 0.33440420625 0.5009765625 0.3095794390625 0.4912109375 0.30665887812500003 0.4658203125 0.35338785 0.4501953125 0.35338785 0.43359375 0.3723714953125 0.41796875 0.4512266359375 0.40625 0.47459112187499997 0.4248046875 0.49065420625 0.435546875 0.48919392500000003 0.4677734375 0.4789719625 0.484375 0.41617990625 0.513671875 0.3840537390625 0.5126953125 0.37091121562499996 0.501953125 0.37529205625 0.5 0.35776869218749996 0.513671875 0.3460864484375 0.513671875 0.33440420625
0 0.365234375 0.38113317812499997 0.37109375 0.3986565421875 0.4013671875 0.44100467343750005 0.41015625 0.442464953125 0.41796875 0.43078271093750004 0.419921875 0.40741822499999997 0.41015625 0.3782126171875 0.3916015625 0.3475467296875 0.3583984375 0.3300233640625 0.35546875 0.33732476562499997 0.369140625 0.35776869218749996 0.365234375 0.38113317812499997
0 0.81640625 0.44830607499999997 0.7998046875 0.464369159375 0.7783203125 0.464369159375 0.7275390625 0.432242990625 0.6552734375 0.41471962656250005 0.6337890625 0.4380841125 0.6103515625 0.443925234375 0.599609375 0.47459112187499997 0.6044921875 0.49649532656249995 0.6455078125 0.4789719625 0.6845703125 0.505257009375 0.7470703125 0.49649532656249995 0.775390625 0.5067172890625 0.7822265625 0.49065420625 0.8115234375 0.4760514015625 0.830078125 0.4512266359375 0.83203125 0.41910046718749994 0.8251953125 0.40595794375 0.798828125 0.3986565421875 0.8203125 0.4249415890625 0.81640625 0.44830607499999997
0 0.7236328125 0.49649532656249995 0.6962890625 0.5081775703125 0.6455078125 0.51109813125 0.634765625 0.52132009375 0.6396484375 0.537383178125 0.6591796875 0.5344626171875 0.6943359375 0.5753504671874999 0.7041015625 0.566588784375 0.7373046875 0.57242990625 0.763671875 0.6323014015624999 0.7578125 0.6644275703125 0.767578125 0.6644275703125 0.7841796875 0.57242990625 0.7958984375 0.5957943921875 0.8134765625 0.6103971968749999 0.8232421875 0.6133177562500001 0.83203125 0.600175234375 0.8154296875 0.59287383125 0.7666015625 0.505257009375 0.7236328125 0.49649532656249995
0 0.8994140625 0.46728972031250005 0.8896484375 0.49065420625 0.8681640625 0.4994158875 0.84765625 0.5388434578125 0.845703125 0.5943341125 0.8515625 0.620619159375 0.8583984375 0.6337616828125 0.8779296875 0.6162383171875 0.9150390625 0.651285046875 0.943359375 0.6527453265625 0.958984375 0.641063084375 0.9189453125 0.6337616828125 0.88671875 0.5914135515625001 0.888671875 0.5709696265625 0.9140625 0.5242406546875 0.921875 0.49211448593749996 0.9189453125 0.47021027968749995 0.8994140625 0.46728972031250005
0 0.802734375 0.5651285046875001 0.8134765625 0.5899532703125 0.82421875 0.5914135515625001 0.828125 0.5855724296875 0.8212890625 0.57242990625 0.802734375 0.5651285046875001
0 0.7822265625 0.5753504671874999 0.77734375 0.588492990625 0.779296875 0.620619159375 0.79296875 0.641063084375 0.79296875 0.6527453265625 0.8193359375 0.6688084109375 0.83203125 0.66734813125 0.853515625 0.641063084375 0.84765625 0.600175234375 0.83984375 0.5855724296875 0.8310546875 0.5870327109375 0.833984375 0.60309579375 0.8193359375 0.6133177562500001 0.7978515625 0.598714953125 0.7822265625 0.5753504671874999
0 0.8984375 0.38697429843750003 0.890625 0.44538551406250004 0.9013671875 0.45560747656249995 0.9052734375 0.4380841125 0.9072265625 0.4497663546875 0.9140625 0.44538551406250004 0.9111328125 0.44100467343750005 0.9169921875 0.443925234375 0.927734375 0.46582943906249996 0.92578125 0.49211448593749996 0.9365234375 0.493574765625 0.9462890625 0.473130840625 0.947265625 0.5067172890625 0.958984375 0.5125584109375 0.95703125 0.495035046875 0.9716796875 0.493574765625 0.986328125 0.47167056093750004 0.962890625 0.3986565421875 0.9306640625 0.36507009375 0.8759765625 0.3621495328125 0.8779296875 0.37383177500000003 0.8984375 0.38697429843750003
0 0.763671875 0.23802570156249997 0.7578125 0.28767523437500003 0.7822265625 0.286214953125 0.7939453125 0.30081775624999996 0.810546875 0.2993574765625 0.818359375 0.296436915625 0.8271484375 0.2570093453125 0.8486328125 0.286214953125 0.869140625 0.2789135515625 0.8544921875 0.2774532703125 0.8291015625 0.21904205625 0.7880859375 0.20735981250000002 0.763671875 0.23802570156249997
0 0.1826171875 0.338785046875 0.16796875 0.3665303734375 0.185546875 0.369450934375 0.2021484375 0.3679906546875 0.20703125 0.35484813125 0.1826171875 0.338785046875
0 0.109375 0.308119159375 0.08984375 0.2818341125 0.0859375 0.2526285046875 0.0771484375 0.24824766406249998 0.078125 0.29059579375 0.0927734375 0.3154205609375 0.107421875 0.3227219625 0.109375 0.308119159375
0 0.173828125 0.33148364531249996 0.1689453125 0.31834112187499997 0.1494140625 0.30665887812500003 0.142578125 0.3110397203125 0.130859375 0.3636098125 0.1318359375 0.37383177500000003 0.146484375 0.3723714953125 0.173828125 0.33148364531249996
0 0 0.6585864484374999 0.005859375 0.6585864484374999 0.017578125 0.5972546734375 0.037109375 0.58265186875 0.03515625 0.5651285046875001 0.0185546875 0.537383178125 0 0.5534462609374999 0 0.6585864484374999