0 0.09765625 0.50621484375 0.091796875 0.53689453125 0.091796875 0.55880859375 0.103515625 0.55880859375 0.1181640625 0.5566171875 0.12109375 0.53689453125 0.12890625 0.52812890625 0.130859375 0.50621484375 0.13671875 0.50183203125 0.1298828125 0.47334375 0.1064453125 0.49087500000000006 0.09765625 0.50621484375
0 0.279296875 0.47991796875 0.27734375 0.5105976562500001 0.267578125 0.51936328125 0.2783203125 0.5259375000000001 0.2900390625 0.5215546875 0.296875 0.5456601562500001 0.2978515625 0.5741484375 0.302734375 0.57195703125 0.3056640625 0.5478515625 0.3115234375 0.5653828125 0.3154296875 0.5390859375 0.3203125 0.5500429687499999 0.3203125 0.57195703125 0.32421875 0.57195703125 0.330078125 0.55442578125 0.326171875 0.5105976562500001 0.353515625 0.48868359375 0.353515625 0.47115234375000004 0.3466796875 0.45581250000000006 0.3037109375 0.45581250000000006 0.2880859375 0.4645781234375 0.279296875 0.47991796875
0 0.43359375 0.49306640625 0.439453125 0.47991796875 0.439453125 0.45362109375 0.435546875 0.44047265625 0.4326171875 0.4338984375 0.4150390625 0.43828125 0.412109375 0.45362109375 0.416015625 0.49306640625 0.43359375 0.49306640625
0 0.4091796875 0.4821093765625 0.3974609375 0.4864921875 0.38671875 0.47991796875 0.3896484375 0.49525781249999995 0.404296875 0.49744921875000003 0.41015625 0.49306640625 0.4091796875 0.4821093765625
0 0.4169921875 0.49525781249999995 0.42578125 0.49744921875000003 0.439453125 0.48430078125 0.439453125 0.45800390625 0.435546875 0.44047265625 0.4267578125 0.4295156234375 0.4150390625 0.43828125 0.412109375 0.44923828125 0.412109375 0.48430078125 0.4169921875 0.49525781249999995
0 0.3408203125 0.6705703125 0.3349609375 0.6924843765625 0.3115234375 0.6793359375 0.2978515625 0.70125 0.28515625 0.73850390625 0.28515625 0.7910976562500001 0.30078125 0.7910976562500001 0.3232421875 0.7845234375000001 0.3330078125 0.7669921875 0.3466796875 0.7757578125 0.345703125 0.76041796875 0.3515625 0.73412109375 0.36328125 0.70782421875 0.36328125 0.67276171875 0.3408203125 0.6705703125
0 0.392578125 0.59825390625 0.3798828125 0.6048281234374999 0.37109375 0.62893359375 0.373046875 0.6859101562500001 0.37890625 0.69029296875 0.3974609375 0.6837187499999999 0.4052734375 0.6881015625 0.41015625 0.67714453125 0.40625 0.6508476562500001 0.4140625 0.60263671875 0.4072265625 0.561 0.3896484375 0.561 0.392578125 0.59825390625
0 0.5546875 0.63331640625 0.5546875 0.65961328125 0.5712890625 0.70125 0.583984375 0.70344140625 0.5947265625 0.6968671875 0.6015625 0.68152734375 0.60546875 0.64208203125 0.603515625 0.62893359375 0.5869140625 0.6048281234374999 0.5771484375 0.6135937499999999 0.5595703125 0.6048281234374999 0.5546875 0.63331640625
0 0.6865234375 0.6574218765625 0.6787109375 0.6486562499999999 0.685546875 0.70782421875 0.6748046875 0.7187812499999999 0.662109375 0.75165234375 0.658203125 0.77794921875 0.66015625 0.8173945312500001 0.6669921875 0.8283515625 0.673828125 0.8261601562499999 0.6806640625 0.8721796875000001 0.6884765625 0.8721796875000001 0.6923828125 0.8634140625000001 0.6962890625 0.8853281234375 0.71875 0.88751953125 0.716796875 0.8261601562499999 0.720703125 0.79548046875 0.720703125 0.73412109375 0.716796875 0.71658984375 0.71484375 0.65523046875 0.7119140625 0.6486562499999999 0.7060546875 0.6574218765625 0.6865234375 0.6574218765625
0 0.7744140625 0.7932890625 0.7666015625 0.8020546875000001 0.74609375 0.86122265625 0.744140625 0.90066796875 0.7490234375 0.9247734375000001 0.7548828125 0.9160078125 0.7666015625 0.9160078125 0.7763671875 0.9335390625000001 0.7880859375 0.9423046875000001 0.798828125 0.94011328125 0.810546875 0.9269648437500001 0.806640625 0.8962851562499999 0.81640625 0.86122265625 0.8154296875 0.771375 0.8095703125 0.7801406234375 0.7919921875 0.7801406234375 0.7841796875 0.7976718765624999 0.7744140625 0.7932890625
0 0.8466796875 0.6793359375 0.830078125 0.69029296875 0.830078125 0.76041796875 0.8388671875 0.771375 0.8505859375 0.771375 0.8642578125 0.8064375 0.8828125 0.82177734375 0.88671875 0.8568398437500001 0.87890625 0.86998828125 0.8818359375 0.8853281234375 0.89453125 0.87875390625 0.896484375 0.8349257812499999 0.9013671875 0.8108203125 0.923828125 0.8480742187500001 0.9189453125 0.8634140625000001 0.9111328125 0.8677968765624999 0.9072265625 0.8853281234375 0.9326171875 0.8853281234375 0.9404296875 0.8546484375000001 0.94921875 0.9050507812499999 0.9560546875 0.9203906234374999 0.958984375 0.9181992187500001 0.958984375 0.77356640625 0.955078125 0.75165234375 0.9345703125 0.7100156234375 0.9150390625 0.6881015625 0.9013671875 0.6881015625 0.8876953125 0.7100156234375 0.8681640625 0.70125 0.8466796875 0.6793359375