0 0.357421875 0.7721392125000001 0.353515625 0.73387390625 0.361328125 0.6928753640624999 0.388671875 0.6409438781250001 0.396484375 0.5944788625 0.390625 0.5452806125 0.3681640625 0.5138483968750001 0.3427734375 0.500182215625 0.333984375 0.5042820703124999 0.333984375 0.526147959375 0.353515625 0.5480138484375 0.359375 0.5862791546875 0.3232421875 0.702441690625 0.2197265625 0.6915087468750001 0.1689453125 0.7079081625 0.1552734375 0.6341107874999999 0.1201171875 0.639577259375 0.099609375 0.627277696875 0.095703125 0.6956086 0.109375 0.78580539375 0.150390625 0.8896683671875 0.15234375 0.93886661875 0.140625 0.9607325078125 0.1630859375 0.9675655984375 0.17578125 0.9579992718750001 0.1904296875 0.8527696796875001 0.2568359375 0.84730320625 0.267578125 0.854136296875 0.279296875 0.9252004375 0.25 0.9607325078125 0.275390625 0.9716654515625001 0.296875 0.9579992718750001 0.31640625 0.9088010203125 0.333984375 0.8240707 0.357421875 0.7721392125000001
0 0.21875 0.8896683671875 0.21875 0.8568695328124999 0.2119140625 0.855502915625 0.19921875 0.8869351312499999 0.21875 0.8896683671875
0 0.3876953125 0.6505102046875 0.36328125 0.690142128125 0.35546875 0.7311406703125 0.361328125 0.7885386296875 0.34765625 0.8104045187500001 0.34765625 0.8732689499999999 0.369140625 0.8814686593750001 0.376953125 0.8650692421875 0.375 0.7502733234375001 0.39453125 0.7065415453125 0.3876953125 0.6505102046875
0 0.2451171875 0.6587099125 0.234375 0.6190779890625 0.2099609375 0.590379009375 0.1875 0.627277696875 0.1875 0.65734329375 0.2021484375 0.6942419828124999 0.2490234375 0.6860422734375 0.322265625 0.7010750734375 0.3359375 0.6546100578125 0.3310546875 0.6477769671875 0.2626953125 0.639577259375 0.2451171875 0.6587099125
0 0.2666015625 0.5411807578125 0.271484375 0.5015488343750001 0.2509765625 0.5083819234375 0.2255859375 0.48104956249999997 0.2109375 0.5480138484375 0.224609375 0.5671465015625 0.2265625 0.60814504375 0.251953125 0.68467565625 0.322265625 0.6983418375 0.359375 0.5808126828125 0.353515625 0.550747084375 0.3291015625 0.53298105 0.2666015625 0.5411807578125
0 0.2646484375 0.40451895000000004 0.263671875 0.4714832359375 0.232421875 0.48514941718750004 0.2431640625 0.5029154515625 0.271484375 0.5042820703124999 0.26953125 0.539814140625 0.31640625 0.526147959375 0.3154296875 0.4154518953125 0.2900390625 0.42091836718750003 0.2646484375 0.40451895000000004
0 0.205078125 0.5425473765625 0.21875 0.49334912500000005 0.1845703125 0.4974489796875 0.1748046875 0.5111151609375 0.1630859375 0.5029154515625 0.12109375 0.4386844015625 0.123046875 0.42228498593749997 0.1396484375 0.4154518953125 0.140625 0.4031523328125 0.1181640625 0.399052478125 0.11328125 0.4714832359375 0.15234375 0.5288811953125 0.166015625 0.5726129734375001 0.169921875 0.627277696875 0.181640625 0.638210640625 0.2080078125 0.587645771875 0.224609375 0.6054118078124999 0.224609375 0.5726129734375001 0.205078125 0.5425473765625
0 0.529296875 0.73387390625 0.4912109375 0.6942419828124999 0.4423828125 0.6805758015625 0.4033203125 0.6860422734375 0.39453125 0.7721392125000001 0.412109375 0.944333090625 0.431640625 0.9415998546875001 0.43359375 0.8924016031249999 0.4541015625 0.8281705546874999 0.498046875 0.8951348390625 0.5 0.9334001453124999 0.486328125 0.9579992718750001 0.505859375 0.9607325078125 0.533203125 0.93886661875 0.537109375 0.8650692421875 0.521484375 0.8213374640625 0.529296875 0.73387390625
0 0.7578125 0.777605684375 0.779296875 0.829537171875 0.77734375 0.8705357140625001 0.7861328125 0.8773688046875 0.794921875 0.867802478125 0.783203125 0.7721392125000001 0.798828125 0.7256741984375 0.802734375 0.621811225 0.8359375 0.5726129734375001 0.8349609375 0.557580175 0.8173828125 0.563046646875 0.783203125 0.6136115156249999 0.7822265625 0.6641763843749999 0.7529296875 0.64504373125 0.7099609375 0.6368440234375 0.6513671875 0.6805758015625 0.640625 0.65734329375 0.6357421875 0.6095116625 0.6142578125 0.6341107874999999 0.59375 0.60814504375 0.587890625 0.6874088921875 0.611328125 0.7147412531249999 0.615234375 0.8240707 0.60546875 0.8814686593750001 0.587890625 0.8978680765625 0.6103515625 0.9019679296875 0.6171875 0.8924016031249999 0.638671875 0.8131377546874999 0.6572265625 0.7926384843750001 0.669921875 0.8104045187500001 0.68359375 0.86233600625 0.68359375 0.8896683671875 0.673828125 0.906067784375 0.69140625 0.9088010203125 0.72265625 0.854136296875 0.732421875 0.7940051015625 0.7470703125 0.7707725953125 0.7578125 0.777605684375
0 0.7607421875 0.6177113703125 0.76953125 0.6136115156249999 0.75 0.5152150140625 0.771484375 0.46875 0.7626953125 0.40725218593749996 0.7265625 0.4031523328125 0.755859375 0.43048469375 0.751953125 0.4605502921875 0.7294921875 0.489249271875 0.7080078125 0.47011661875 0.6748046875 0.486516034375 0.6494140625 0.450983965625 0.625 0.45508381875000004 0.630859375 0.4714832359375 0.623046875 0.5015488343750001 0.650390625 0.5206814875 0.650390625 0.5343476671875 0.6455078125 0.5275145765625 0.638671875 0.5452806125 0.654296875 0.66007653125 0.662109375 0.6682762390625 0.7138671875 0.6341107874999999 0.7314453125 0.590379009375 0.7412109375 0.590379009375 0.7607421875 0.6177113703125
0 0.58984375 0.6108782796875001 0.611328125 0.5288811953125 0.6044921875 0.48104956249999997 0.5830078125 0.576712828125 0.5302734375 0.5357142859375 0.5146484375 0.5411807578125 0.4970703125 0.5247813406249999 0.48828125 0.53161443125 0.509765625 0.671009475 0.52734375 0.7229409625 0.53515625 0.7256741984375 0.5693359375 0.6860422734375 0.57421875 0.7120080171875001 0.5859375 0.70927478125 0.58984375 0.6108782796875001
0 0.390625 0.6628097671875001 0.390625 0.6737427109375 0.4072265625 0.6887755109375 0.478515625 0.6874088921875 0.490234375 0.671009475 0.4794921875 0.625911078125 0.4189453125 0.6423104953125 0.390625 0.6628097671875001
0 0.40234375 0.44415087499999995 0.40234375 0.49334912500000005 0.4169921875 0.5275145765625 0.4375 0.53161443125 0.45703125 0.45781705468749995 0.4326171875 0.461916909375 0.4091796875 0.4318513125 0.40234375 0.44415087499999995
0 0.3720703125 0.42911807656249995 0.37890625 0.49334912500000005 0.390625 0.526147959375 0.408203125 0.539814140625 0.4140625 0.51794825 0.40234375 0.4906158890625 0.404296875 0.44415087499999995 0.3720703125 0.42911807656249995
0 0.4833984375 0.4154518953125 0.482421875 0.4605502921875 0.501953125 0.463283528125 0.5078125 0.45235058281249996 0.4921875 0.4277514578125 0.494140625 0.4168185125 0.4833984375 0.4154518953125
0 0.541015625 0.373086734375 0.533203125 0.34302113749999996 0.5146484375 0.3279883375 0.498046875 0.3512208453125 0.494140625 0.38128644375 0.50390625 0.3840196796875 0.50390625 0.397685859375 0.494140625 0.397685859375 0.51171875 0.411352040625 0.513671875 0.43048469375 0.505859375 0.4332179296875 0.53515625 0.45508381875000004 0.537109375 0.4386844015625 0.52734375 0.41955175 0.541015625 0.40588556875000004 0.541015625 0.373086734375
0 0.4462890625 0.40451895000000004 0.431640625 0.42228498593749997 0.42578125 0.45508381875000004 0.439453125 0.463283528125 0.478515625 0.45781705468749995 0.478515625 0.4386844015625 0.4619140625 0.40725218593749996 0.4462890625 0.40451895000000004