0 0.1396484375 0.5498370859375 0.140625 0.460488559375 0.126953125 0.42474914999999996 0.1103515625 0.3986318859375 0.08984375156249999 0.3890097375 0.0830078125 0.346397365625 0.0419921875 0.35464491875 0.03125 0.36701625312499997 0.0234375 0.39725729374999996 0.0234375 0.44124426093749997 0.033203125 0.49622796874999997 0.0234375 0.58145271875 0.0361328125 0.5855764953125 0.0576171875 0.574579753125 0.103515625 0.5842019031250001 0.2119140625 0.569081384375 0.216796875 0.5512116781249999 0.1865234375 0.541589528125 0.1396484375 0.5498370859375
0 0.220703125 0.2845406921875 0.224609375 0.24880128125 0.2197265625 0.228182390625 0.1904296875 0.24192831718750002 0.169921875 0.240553725 0.1796875 0.303784990625 0.177734375 0.39725729374999996 0.2001953125 0.35464491875 0.2353515625 0.343648178125 0.244140625 0.3202801015625 0.220703125 0.2845406921875
0 0.2783203125 0.382136775 0.2890625 0.36701625312499997 0.287109375 0.33127684375 0.302734375 0.295537434375 0.2685546875 0.252925059375 0.25 0.26529639375 0.2382812484375 0.3395244 0.2001953125 0.35464491875 0.1875 0.372514625 0.162109375 0.44399344531249996 0.162109375 0.5127230828125 0.1875 0.518221453125 0.2148437515625 0.47148530156249996 0.216796875 0.400006478125 0.2431640625 0.3793875875 0.2783203125 0.382136775
0 0.2314453125 0.384885959375 0.1845703125 0.448117225 0.1445312484375 0.46323774375 0.1435546875 0.47560907812500003 0.171875 0.48798041249999996 0.1689453125 0.503100934375 0.1601562484375 0.4907296 0.1650390625 0.514097675 0.1923828125 0.50585011875 0.1914062484375 0.5402149359374999 0.201171875 0.5429641203125 0.220703125 0.501726340625 0.2382812484375 0.432996703125 0.2744140625 0.382136775 0.2314453125 0.384885959375
0 0.384765625 0.402755665625 0.4052734375 0.40138107031250003 0.4140625 0.3890097375 0.396484375 0.3450227703125 0.396484375 0.3257784734375 0.3818359375 0.32165469375 0.365234375 0.3450227703125 0.369140625 0.372514625 0.345703125 0.400006478125 0.345703125 0.44399344531249996 0.3320312484375 0.4907296 0.337890625 0.559459234375 0.365234375 0.5649576046875 0.357421875 0.5429641203125 0.357421875 0.48523122812499997 0.380859375 0.4384950765625 0.384765625 0.402755665625
0 0.322265625 0.526469009375 0.34375 0.4494918171875 0.345703125 0.400006478125 0.369140625 0.36701625312499997 0.361328125 0.334026028125 0.3388671875 0.318905509375 0.3330078125 0.2996612109375 0.3251953125 0.2996612109375 0.296875 0.3395244 0.291015625 0.369765440625 0.2773437515625 0.39175892343749996 0.244140625 0.4219999625 0.224609375 0.4769836703125 0.2119140625 0.57183056875 0.0751953125 0.5883256828125 0.060546875 0.6034462015625001 0.0673828125 0.610319165625 0.1015625 0.6089445703125 0.3330078125 0.5965732375 0.333984375 0.5869510874999999 0.3203125 0.5649576046875 0.322265625 0.526469009375
0 0.470703125 0.45773937499999995 0.482421875 0.44124426093749997 0.4736328125 0.3958827015625 0.4619140625 0.40687944375 0.4423828125 0.3986318859375 0.4375 0.44399344531249996 0.4072265625 0.4618631515625 0.373046875 0.5319673796875 0.3896484375 0.5498370859375 0.4648437515625 0.5539608625 0.46875 0.5429641203125 0.455078125 0.5072247109375 0.466796875 0.493478784375 0.470703125 0.45773937499999995
0 0.6289062484375 0.295537434375 0.6259765625 0.1814462375 0.6123046875 0.19794135 0.5751953125 0.18969379375 0.578125 0.24330290937500001 0.546875 0.270794765625 0.5273437515625 0.3202801015625 0.5322265625 0.382136775 0.5654296875 0.37114003281249996 0.572265625 0.3450227703125 0.5810546875 0.3381498078125 0.591796875 0.39175892343749996 0.609375 0.400006478125 0.630859375 0.3835113671875 0.6210937515625 0.36701625312499997 0.6210937515625 0.3257784734375 0.6289062484375 0.295537434375
0 0.5664062484375 0.3780129953125 0.5283203125 0.382136775 0.5195312484375 0.3752638109375 0.5234375 0.35052114218749997 0.5087890625 0.351895734375 0.505859375 0.5044755265624999 0.6132812484375 0.5127230828125 0.626953125 0.4467426328125 0.5732421875 0.4536155953125 0.5664062484375 0.43574589062499997 0.5664062484375 0.3780129953125
0 0.763671875 0.4467426328125 0.7460937515625 0.36701625312499997 0.7578125 0.33127684375 0.7548828125 0.310657953125 0.6943359375 0.310657953125 0.685546875 0.3230292875 0.6953125 0.3862605515625 0.6494140625 0.415127 0.625 0.4549901875 0.6064453125 0.574579753125 0.5146484375 0.574579753125 0.5048828125 0.5608338265625 0.4873046875 0.5608338265625 0.482421875 0.5759543453125 0.4853515625 0.5855764953125 0.5146484375 0.599322421875 0.6552734375 0.61306835 0.6884765625 0.5965732375 0.7119140625 0.541589528125 0.7265625 0.6116937578125 0.7353515625 0.6240650921875 0.748046875 0.6226905 0.75 0.6144429437500001 0.740234375 0.6006970171875 0.736328125 0.5402149359374999 0.763671875 0.4467426328125
0 0.791015625 0.6061953859375 0.7929687515625 0.6364364265625 0.8203125 0.64743316875 0.8037109375 0.6845471703125 0.857421875 0.68867095 0.896484375 0.68042339375 0.892578125 0.6281888703125 0.8369140625 0.5525862703125 0.791015625 0.6061953859375
0 0.986328125 0.7931399953125 0.9765625 0.716162803125 0.9638671875 0.6900455421875 0.9384765625 0.7285341375 0.904296875 0.716162803125 0.912109375 0.743654659375 0.908203125 0.7793940687500001 0.919921875 0.8233810359374999 0.9169921875 0.8357523703125 0.8564453125 0.8357523703125 0.8330078125 0.8467491109375 0.8134765625 0.8714917796874999 0.7294921875 0.8659934093749999 0.6884765625 0.8714917796874999 0.6757812484375 0.8811139296875 0.6806640625 0.898983634375 0.8017578125 0.9072311890625 0.8115234375 0.92097711875 0.8466796875 0.9292246734375 0.9052734375 0.9649640859374999 0.970703125 0.9663386781250001 0.994140625 0.9553419359375 1 0.8316285921875 0.9960937515625 0.806885921875 0.986328125 0.7931399953125